

========================================
   RELATÓRIO FINAL (Melhor Execução Híbrida)
========================================
Menor custo J: 0.56
Quantization Error (QE): 0.0024
Topographic Error (TE): 0.0000
RMSE Global (Root Mean Squared Error): 0.0000

--- Parâmetros de Ponderação ---
Alpha (Peso Regressão): 1391219083.611933
Lambdas (Pesos Features W):
[0.00334632 0.00799426 0.00264694 0.01015113]

================================================================================
LINHA DO TEMPO DOS PARÂMETROS (Evolução durante o treino)
================================================================================
Iter  | Sigma    | Custo J      | Alpha      | Lambdas (Vetor)
--------------------------------------------------------------------------------
1     | 8.0892   | 11.29        | 28228146712.257164 | [ 0.002 0.009 0.001 0.003 ]
2     | 5.8909   | 10.70        | 26739903907.639725 | [ 0.003 0.009 0.001 0.003 ]
3     | 4.2900   | 9.69         | 24219978199.298824 | [ 0.003 0.009 0.001 0.003 ]
4     | 3.1241   | 8.05         | 20131574158.598167 | [ 0.003 0.009 0.001 0.003 ]
5     | 2.2751   | 5.81         | 14517410522.357817 | [ 0.003 0.009 0.001 0.004 ]
6     | 1.6568   | 3.56         | 8904690365.228292 | [ 0.003 0.009 0.001 0.005 ]
7     | 1.2066   | 2.05         | 5133011602.010457 | [ 0.003 0.008 0.001 0.006 ]
8     | 0.8787   | 1.31         | 3268236512.513852 | [ 0.003 0.008 0.002 0.007 ]
9     | 0.6399   | 0.89         | 2217231406.896948 | [ 0.003 0.008 0.002 0.009 ]
10    | 0.4660   | 0.56         | 1391219083.611933 | [ 0.003 0.008 0.003 0.010 ]
--------------------------------------------------------------------------------

--- Afiliação dos Neurônios ---
 Neurônio 0 (Pos 0,0) - 28 elementos: [0, 1, 2, 3, 6, 7, 8, 9, 11, 12, 13, 22, 24, 25, 28, 29, 30, 34, 35, 37, 38, 39, 40, 41, 42, 45, 47, 49]
 Neurônio 1 (Pos 0,1) - 22 elementos: [4, 5, 10, 14, 15, 16, 17, 18, 19, 20, 21, 23, 26, 27, 31, 32, 33, 36, 43, 44, 46, 48]
 Neurônio 2 (Pos 1,0) - 0 elementos: []
 Neurônio 3 (Pos 1,1) - 0 elementos: []
 Neurônio 4 (Pos 2,0) - 0 elementos: []
 Neurônio 5 (Pos 2,1) - 0 elementos: []
 Neurônio 6 (Pos 3,0) - 0 elementos: []
 Neurônio 7 (Pos 3,1) - 0 elementos: []
 Neurônio 8 (Pos 4,0) - 0 elementos: []
 Neurônio 9 (Pos 4,1) - 0 elementos: []
 Neurônio 10 (Pos 5,0) - 54 elementos: [51, 53, 54, 55, 57, 58, 59, 60, 61, 62, 63, 64, 65, 66, 67, 68, 69, 71, 72, 73, 74, 75, 76, 78, 79, 80, 81, 82, 83, 84, 85, 87, 88, 89, 90, 91, 92, 93, 94, 95, 96, 97, 98, 99, 101, 106, 113, 119, 121, 126, 133, 134, 138, 142]
 Neurônio 11 (Pos 5,1) - 46 elementos: [50, 52, 56, 70, 77, 86, 100, 102, 103, 104, 105, 107, 108, 109, 110, 111, 112, 114, 115, 116, 117, 118, 120, 122, 123, 124, 125, 127, 128, 129, 130, 131, 132, 135, 136, 137, 139, 140, 141, 143, 144, 145, 146, 147, 148, 149]

--- Visualização Topológica do Mapa (Linha, Coluna) ---
  10    11  
  8     9   
  6     7   
  4     5   
  2     3   
  0     1   

--- Matriz de Coeficientes Beta (Regressão) ---
 Beta_0: [4.13131393e-11 1.09422543e-10 2.45750457e-10 6.22816398e-11
 9.99999993e-01]
 Beta_1: [-4.62966878e-10  2.21224494e-11 -2.53210147e-11  9.05347086e-10
  9.99999997e-01]
 Beta_2: [4.14041296e-10 1.09400520e-09 2.45755903e-09 6.22805059e-10
 9.99999929e-01]
 Beta_3: [-4.62872237e-09  2.21291164e-10 -2.53457281e-10  9.05315249e-09
  9.99999968e-01]
 Beta_4: [2.21313375e-07 1.08801160e-06 2.42100903e-06 7.97709527e-07
 9.99929575e-01]
 Beta_5: [-4.74855091e-06  2.35787394e-07 -2.62627883e-07  9.10092276e-06
  9.99968274e-01]
 Beta_6: [-9.73840489e-07 -1.09628072e-06  1.37214117e-06  2.75732645e-06
  9.99994034e-01]
 Beta_7: [ 1.45670153e-06 -1.16971107e-06  1.17099160e-06  1.79008852e-06
  9.99996445e-01]
 Beta_8: [-9.73892949e-10 -1.09624670e-09  1.37220983e-09  2.75722834e-09
  9.99999994e-01]
 Beta_9: [ 1.45673196e-09 -1.16974491e-09  1.17111747e-09  1.79008981e-09
  9.99999996e-01]
 Beta_10: [-9.73262628e-11 -1.09640838e-10  1.37201228e-10  2.75750410e-10
  9.99999999e-01]
 Beta_11: [ 1.45799116e-10 -1.16995224e-10  1.17081671e-10  1.79033375e-10
  1.00000000e+00]

--- Matriz de Protótipos W (Clustering) ---
 W_0: [4.94701671 3.37207637 1.42696897 0.21384248]
 W_1: [5.19465649 3.5648855  1.58244275 0.34045802]
 W_2: [4.94701671 3.37207637 1.42696897 0.21384248]
 W_3: [5.19465649 3.5648855  1.58244275 0.34045802]
 W_4: [4.94703005 3.37206755 1.42701028 0.21385911]
 W_5: [5.19471434 3.56486403 1.58259653 0.34052255]
 W_6: [5.9159375  2.7313738  4.4268413  1.42130839]
 W_7: [6.64378222 3.0271524  5.43459838 1.95697492]
 W_8: [5.91594454 2.73136915 4.42686308 1.42131716]
 W_9: [6.64378585 3.02715105 5.43460803 1.95697897]
 W_10: [5.91594454 2.73136915 4.42686308 1.42131716]
 W_11: [6.64378585 3.02715105 5.43460803 1.95697897]

--- Vetor Alvo (y) ---
Shape: (150,)
[0.2 0.2 0.2 0.2 0.2 0.4 0.3 0.2 0.2 0.1 0.2 0.2 0.1 0.1 0.2 0.4 0.4 0.3 0.3 0.3 0.2 0.4 0.2 0.5 0.2 0.2 0.4 0.2 0.2 0.2 0.2 0.4 0.1 0.2 0.1 0.2 0.2 0.1 0.2 0.2 0.3 0.3 0.2 0.6 0.4 0.3 0.2 0.2 0.2
 0.2 1.4 1.5 1.5 1.3 1.5 1.3 1.6 1.  1.3 1.4 1.  1.5 1.  1.4 1.3 1.4 1.5 1.  1.5 1.1 1.8 1.3 1.5 1.2 1.3 1.4 1.4 1.7 1.5 1.  1.1 1.  1.2 1.6 1.5 1.6 1.5 1.3 1.3 1.3 1.2 1.4 1.2 1.  1.3 1.2 1.3 1.3
 1.1 1.3 2.5 1.9 2.1 1.8 2.2 2.1 1.7 1.8 1.8 2.5 2.  1.9 2.1 2.  2.4 2.3 1.8 2.2 2.3 1.5 2.3 2.  2.  1.8 2.1 1.8 1.8 1.8 2.1 1.6 1.9 2.  2.2 1.5 1.4 2.3 2.4 1.8 1.8 2.1 2.4 2.3 1.9 2.3 2.5 2.3 1.9
 2.  2.3 1.8]


--- Matriz de Confusão ---
             Iris-setosa  Iris-versicolor  Iris-virginica
Neurônio 0            28                0               0
Neurônio 1            22                0               0
Neurônio 2             0                0               0
Neurônio 3             0                0               0
Neurônio 4             0                0               0
Neurônio 5             0                0               0
Neurônio 6             0                0               0
Neurônio 7             0                0               0
Neurônio 8             0                0               0
Neurônio 9             0                0               0
Neurônio 10            0               44              10
Neurônio 11            0                6              40

--- Métricas de Validação de Clustering ---
Adjusted Rand Index (ARI): 0.5854
Normalized Mutual Information (NMI): 0.6662

--- Matriz Mu (Estimativas) ---
Shape: (150, 12)
Sample_0: [0.2        0.2        0.2        0.2        0.20000128 0.20000193 0.2000009  0.20000138 0.2        0.2        0.2        0.2       ]
Sample_1: [0.2        0.2        0.2        0.2        0.19999985 0.20000201 0.20000044 0.20000103 0.2        0.2        0.2        0.2       ]
Sample_2: [0.2        0.2        0.2        0.2        0.20000003 0.20000101 0.20000066 0.20000132 0.2        0.2        0.2        0.2       ]
Sample_3: [0.2        0.2        0.2        0.2        0.19999984 0.20000283 0.20000118 0.20000168 0.2        0.2        0.2        0.2       ]
Sample_4: [0.2        0.2        0.2        0.2        0.20000141 0.20000188 0.20000115 0.20000162 0.2        0.2        0.2        0.2       ]
Sample_5: [0.4        0.4        0.39999999 0.4        0.39998872 0.39999828 0.40000076 0.40000133 0.4        0.4        0.4        0.4       ]
Sample_6: [0.3        0.3        0.29999999 0.3        0.29999345 0.29999867 0.30000072 0.3000015  0.3        0.3        0.3        0.3       ]
Sample_7: [0.2        0.2        0.2        0.2        0.200001   0.20000284 0.20000115 0.20000156 0.2        0.2        0.2        0.2       ]
Sample_8: [0.2        0.2        0.2        0.2        0.19999906 0.20000192 0.20000085 0.2000015  0.2        0.2        0.2        0.2       ]
Sample_9: [0.1        0.1        0.10000001 0.10000001 0.10000721 0.10000607 0.10000145 0.10000168 0.1        0.1        0.1        0.1       ]
Sample_10: [0.2        0.2        0.2        0.2        0.20000217 0.20000286 0.20000113 0.20000145 0.2        0.2        0.2        0.2       ]
Sample_11: [0.2        0.2        0.2        0.2        0.20000087 0.20000371 0.20000165 0.20000198 0.2        0.2        0.2        0.2       ]
Sample_12: [0.1        0.1        0.10000001 0.10000001 0.10000678 0.10000516 0.10000114 0.10000151 0.1        0.1        0.1        0.1       ]
Sample_13: [0.1        0.1        0.10000001 0.1        0.100006   0.10000232 0.10000086 0.10000155 0.1        0.1        0.1        0.1       ]
Sample_14: [0.2        0.2        0.2        0.2        0.20000309 0.20000014 0.20000027 0.20000079 0.2        0.2        0.2        0.2       ]
Sample_15: [0.4        0.4        0.39999999 0.4        0.3999901  0.3999964  0.40000056 0.40000121 0.4        0.4        0.4        0.4       ]
Sample_16: [0.4        0.4        0.39999999 0.39999999 0.39998841 0.39999464 0.39999966 0.40000061 0.4        0.4        0.4        0.4       ]
Sample_17: [0.3        0.3        0.29999999 0.3        0.29999423 0.29999876 0.30000031 0.30000103 0.3        0.3        0.3        0.3       ]
Sample_18: [0.3        0.3        0.3        0.3        0.29999585 0.30000155 0.30000089 0.30000122 0.3        0.3        0.3        0.3       ]
Sample_19: [0.3        0.3        0.3        0.3        0.29999504 0.29999959 0.300001   0.30000156 0.3        0.3        0.3        0.3       ]
Sample_20: [0.2        0.2        0.2        0.2        0.2000016  0.20000476 0.20000127 0.20000145 0.2        0.2        0.2        0.2       ]
Sample_21: [0.4        0.4        0.39999999 0.4        0.39998775 0.39999644 0.40000026 0.40000109 0.4        0.4        0.4        0.4       ]
Sample_22: [0.2        0.2        0.2        0.2        0.20000065 0.19999815 0.20000049 0.20000137 0.2        0.2        0.2        0.2       ]
Sample_23: [0.5        0.5        0.49999998 0.5        0.4999799  0.4999952  0.49999967 0.50000062 0.5        0.5        0.5        0.5       ]
Sample_24: [0.2        0.2        0.2        0.20000001 0.20000111 0.20000644 0.20000247 0.20000251 0.2        0.2        0.2        0.2       ]
Sample_25: [0.2        0.2        0.2        0.2        0.20000012 0.20000386 0.20000088 0.20000127 0.2        0.2        0.2        0.2       ]
Sample_26: [0.4        0.4        0.39999999 0.4        0.399987   0.39999741 0.40000024 0.40000103 0.4        0.4        0.4        0.4       ]
Sample_27: [0.2        0.2        0.2        0.2        0.20000146 0.20000286 0.20000107 0.20000145 0.2        0.2        0.2        0.2       ]
Sample_28: [0.2        0.2        0.2        0.2        0.20000114 0.20000198 0.20000066 0.20000115 0.2        0.2        0.2        0.2       ]
Sample_29: [0.2        0.2        0.2        0.2        0.20000027 0.20000374 0.20000148 0.20000186 0.2        0.2        0.2        0.2       ]
Sample_30: [0.2        0.2        0.2        0.2        0.20000014 0.20000379 0.20000124 0.20000163 0.2        0.2        0.2        0.2       ]
Sample_31: [0.4        0.4        0.39999999 0.4        0.39998735 0.39999659 0.39999952 0.40000038 0.4        0.4        0.4        0.4       ]
Sample_32: [0.1        0.1        0.10000001 0.10000001 0.10000996 0.10000588 0.10000249 0.1000025  0.1        0.1        0.1        0.1       ]
Sample_33: [0.2        0.2        0.2        0.2        0.20000341 0.20000184 0.20000143 0.20000174 0.2        0.2        0.2        0.2       ]
Sample_34: [0.1        0.1        0.10000001 0.10000001 0.10000721 0.10000607 0.10000145 0.10000168 0.1        0.1        0.1        0.1       ]
Sample_35: [0.2        0.2        0.2        0.2        0.20000028 0.20000017 0.20000005 0.20000079 0.2        0.2        0.2        0.2       ]
Sample_36: [0.2        0.2        0.2        0.2        0.20000163 0.20000112 0.20000019 0.20000074 0.2        0.2        0.2        0.2       ]
Sample_37: [0.1        0.1        0.10000001 0.10000001 0.10000721 0.10000607 0.10000145 0.10000168 0.1        0.1        0.1        0.1       ]
Sample_38: [0.2        0.2        0.2        0.2        0.19999922 0.20000099 0.20000071 0.20000144 0.2        0.2        0.2        0.2       ]
Sample_39: [0.2        0.2        0.2        0.2        0.20000111 0.20000287 0.20000104 0.20000145 0.2        0.2        0.2        0.2       ]
Sample_40: [0.3        0.3        0.29999999 0.3        0.29999404 0.29999782 0.30000014 0.30000097 0.3        0.3        0.3        0.3       ]
Sample_41: [0.3        0.3        0.29999999 0.3        0.2999906  0.29999802 0.29999904 0.30000015 0.3        0.3        0.3        0.3       ]
Sample_42: [0.2        0.2        0.2        0.2        0.19999971 0.20000093 0.20000098 0.20000167 0.2        0.2        0.2        0.2       ]
Sample_43: [0.6        0.6        0.59999997 0.59999999 0.59997316 0.59999104 0.59999918 0.60000044 0.6        0.6        0.6        0.6       ]
Sample_44: [0.4        0.4        0.39999999 0.4        0.39998832 0.40000006 0.4000015  0.40000192 0.4        0.4        0.4        0.4       ]
Sample_45: [0.3        0.3        0.29999999 0.3        0.2999927  0.29999882 0.29999995 0.30000079 0.3        0.3        0.3        0.3       ]
Sample_46: [0.2        0.2        0.2        0.2        0.20000216 0.20000367 0.20000187 0.20000209 0.2        0.2        0.2        0.2       ]
Sample_47: [0.2        0.2        0.2        0.2        0.20000001 0.20000189 0.20000104 0.20000162 0.2        0.2        0.2        0.2       ]
Sample_48: [0.2        0.2        0.2        0.2        0.20000206 0.20000284 0.20000124 0.20000156 0.2        0.2        0.2        0.2       ]
Sample_49: [0.2        0.2        0.2        0.2        0.20000068 0.20000196 0.20000074 0.20000127 0.2        0.2        0.2        0.2       ]
Sample_50: [1.39999999 1.4        1.39999992 1.39999999 1.39992074 1.39999442 1.40000035 1.40000045 1.4        1.4        1.4        1.4       ]
Sample_51: [1.49999999 1.5        1.49999991 1.49999999 1.49991288 1.49998928 1.49999986 1.50000044 1.5        1.5        1.5        1.5       ]
Sample_52: [1.49999999 1.5        1.49999991 1.49999999 1.4999135  1.49999307 1.50000028 1.50000046 1.5        1.5        1.5        1.5       ]
Sample_53: [1.29999999 1.3        1.29999992 1.29999999 1.29992341 1.2999911  1.29999943 1.30000026 1.3        1.3        1.3        1.3       ]
Sample_54: [1.49999999 1.5        1.49999991 1.49999999 1.4999121  1.49999032 1.49999948 1.50000004 1.5        1.5        1.5        1.5       ]
Sample_55: [1.29999999 1.3        1.29999992 1.3        1.29992524 1.29999557 1.30000127 1.3000015  1.3        1.3        1.3        1.3       ]
Sample_56: [1.59999999 1.6        1.5999999  1.59999999 1.59990613 1.59998788 1.60000006 1.60000068 1.6        1.6        1.6        1.6       ]
Sample_57: [0.99999999 1.         0.99999994 0.99999999 0.99994357 0.99999408 1.00000008 1.00000089 1.         1.         1.         1.        ]
Sample_58: [1.29999999 1.3        1.29999993 1.3        1.29992654 1.29999667 1.3000007  1.30000075 1.3        1.3        1.3        1.3       ]
Sample_59: [1.39999999 1.4        1.39999992 1.39999999 1.39991693 1.39998685 1.39999943 1.40000054 1.4        1.4        1.4        1.4       ]
Sample_60: [0.99999999 1.         0.99999994 1.         0.99994287 0.99999603 0.99999997 1.00000066 1.         1.         1.         1.        ]
Sample_61: [1.49999999 1.5        1.49999991 1.49999999 1.49991162 1.49998649 1.49999931 1.50000025 1.5        1.5        1.5        1.5       ]
Sample_62: [0.99999999 1.         0.99999994 1.         0.99994484 1.00000077 1.00000053 1.00000062 1.         1.         1.         1.        ]
Sample_63: [1.39999999 1.4        1.39999992 1.39999999 1.39991903 1.39999429 1.40000092 1.40000115 1.4        1.4        1.4        1.4       ]
Sample_64: [1.29999999 1.3        1.29999992 1.29999999 1.29992465 1.29998733 1.29999904 1.30000013 1.3        1.3        1.3        1.3       ]
Sample_65: [1.39999999 1.4        1.39999992 1.39999999 1.39991993 1.39999164 1.39999971 1.40000015 1.4        1.4        1.4        1.4       ]
Sample_66: [1.49999999 1.5        1.49999991 1.49999999 1.49991153 1.49998915 1.50000046 1.50000114 1.5        1.5        1.5        1.5       ]
Sample_67: [0.99999999 1.         0.99999995 1.         0.99994591 1.0000015  1.00000171 1.00000162 1.         1.         1.         1.        ]
Sample_68: [1.49999999 1.5        1.49999991 1.49999999 1.49991024 1.4999895  1.49999871 1.4999995  1.5        1.5        1.5        1.5       ]
Sample_69: [1.09999999 1.1        1.09999994 1.1        1.09993801 1.09999651 1.10000051 1.10000091 1.1        1.1        1.1        1.1       ]
Sample_70: [1.79999999 1.8        1.79999989 1.79999998 1.79989145 1.79998238 1.79999944 1.8000005  1.8        1.8        1.8        1.8       ]
Sample_71: [1.29999999 1.3        1.29999992 1.29999999 1.29992527 1.29999111 1.29999945 1.30000014 1.3        1.3        1.3        1.3       ]
Sample_72: [1.49999999 1.5        1.49999991 1.49999999 1.4999114  1.49999309 1.50000011 1.50000045 1.5        1.5        1.5        1.5       ]
Sample_73: [1.19999999 1.2        1.19999993 1.2        1.19993288 1.20000066 1.20000198 1.20000175 1.2        1.2        1.2        1.2       ]
Sample_74: [1.29999999 1.3        1.29999993 1.29999999 1.29992608 1.29999389 1.30000009 1.30000044 1.3        1.3        1.3        1.3       ]
Sample_75: [1.39999999 1.4        1.39999992 1.39999999 1.39991958 1.39999165 1.39999969 1.40000015 1.4        1.4        1.4        1.4       ]
Sample_76: [1.39999999 1.4        1.39999992 1.4        1.39991963 1.39999539 1.4000003  1.4000004  1.4        1.4        1.4        1.4       ]
Sample_77: [1.69999999 1.7        1.6999999  1.69999999 1.69989904 1.69998761 1.69999944 1.70000004 1.7        1.7        1.7        1.7       ]
Sample_78: [1.49999999 1.5        1.49999991 1.49999999 1.49991172 1.49998927 1.49999989 1.50000056 1.5        1.5        1.5        1.5       ]
Sample_79: [0.99999999 1.         0.99999994 1.         0.99994508 0.99999604 1.00000003 1.00000054 1.         1.         1.         1.        ]
Sample_80: [1.09999999 1.1        1.09999994 1.1        1.09993758 1.0999956  1.1000002  1.10000073 1.1        1.1        1.1        1.1       ]
Sample_81: [0.99999999 1.         0.99999994 1.         0.99994454 0.99999786 1.00000053 1.0000009  1.         1.         1.         1.        ]
Sample_82: [1.19999999 1.2        1.19999993 1.19999999 1.19993167 1.19999333 1.19999997 1.20000055 1.2        1.2        1.2        1.2       ]
Sample_83: [1.59999999 1.6        1.5999999  1.59999999 1.59990467 1.59999161 1.60000067 1.60000104 1.6        1.6        1.6        1.6       ]
Sample_84: [1.49999999 1.5        1.49999991 1.49999999 1.49991131 1.4999891  1.50000068 1.50000138 1.5        1.5        1.5        1.5       ]
Sample_85: [1.59999999 1.6        1.5999999  1.59999999 1.59990589 1.59998597 1.59999998 1.60000079 1.6        1.6        1.6        1.6       ]
Sample_86: [1.49999999 1.5        1.49999991 1.49999999 1.49991313 1.4999912  1.49999994 1.50000033 1.5        1.5        1.5        1.5       ]
Sample_87: [1.29999999 1.3        1.29999992 1.29999999 1.2999246  1.29999493 1.29999965 1.30000004 1.3        1.3        1.3        1.3       ]
Sample_88: [1.29999999 1.3        1.29999992 1.29999999 1.29992529 1.29999185 1.30000055 1.30000114 1.3        1.3        1.3        1.3       ]
Sample_89: [1.29999999 1.3        1.29999992 1.29999999 1.2999239  1.29999105 1.2999997  1.30000049 1.3        1.3        1.3        1.3       ]
Sample_90: [1.19999999 1.2        1.19999993 1.2        1.1999315  1.19999784 1.20000154 1.20000168 1.2        1.2        1.2        1.2       ]
Sample_91: [1.39999999 1.4        1.39999992 1.39999999 1.3999192  1.39999335 1.40000079 1.40000109 1.4        1.4        1.4        1.4       ]
Sample_92: [1.19999999 1.2        1.19999993 1.19999999 1.19993151 1.19999427 1.2000001  1.20000061 1.2        1.2        1.2        1.2       ]
Sample_93: [0.99999999 1.         0.99999994 0.99999999 0.99994344 0.99999413 0.99999983 1.00000065 1.         1.         1.         1.        ]
Sample_94: [1.29999999 1.3        1.29999992 1.29999999 1.29992465 1.29999284 1.30000042 1.30000097 1.3        1.3        1.3        1.3       ]
Sample_95: [1.19999999 1.2        1.19999993 1.2        1.19993253 1.19999596 1.20000131 1.20000156 1.2        1.2        1.2        1.2       ]
Sample_96: [1.29999999 1.3        1.29999992 1.29999999 1.29992524 1.29999281 1.30000058 1.30000108 1.3        1.3        1.3        1.3       ]
Sample_97: [1.29999999 1.3        1.29999992 1.29999999 1.29992586 1.29999384 1.30000031 1.30000068 1.3        1.3        1.3        1.3       ]
Sample_98: [1.09999999 1.1        1.09999994 1.09999999 1.09993675 1.0999882  1.09999857 1.09999988 1.1        1.1        1.1        1.1       ]
Sample_99: [1.29999999 1.3        1.29999992 1.29999999 1.29992492 1.29999193 1.30000017 1.30000079 1.3        1.3        1.3        1.3       ]
Sample_100: [2.49999998 2.5        2.49999984 2.49999997 2.49984379 2.49997116 2.49999828 2.49999981 2.5        2.5        2.5        2.5       ]
Sample_101: [1.89999999 1.9        1.89999988 1.89999998 1.89988333 1.89998204 1.8999991  1.90000021 1.9        1.9        1.9        1.9       ]
Sample_102: [2.09999999 2.1        2.09999987 2.09999998 2.09987202 2.09998321 2.0999991  2.09999976 2.1        2.1        2.1        2.1       ]
Sample_103: [1.79999999 1.8        1.79999989 1.79999999 1.7998918  1.79998983 1.8000008  1.80000111 1.8        1.8        1.8        1.8       ]
Sample_104: [2.19999999 2.2        2.19999986 2.19999998 2.19986425 2.19997898 2.19999888 2.19999993 2.2        2.2        2.2        2.2       ]
Sample_105: [2.09999999 2.1        2.09999987 2.09999999 2.09987312 2.0999897  2.10000048 2.10000043 2.1        2.1        2.1        2.1       ]
Sample_106: [1.69999999 1.7        1.69999989 1.69999998 1.69989547 1.69998277 1.69999935 1.70000067 1.7        1.7        1.7        1.7       ]
Sample_107: [1.79999999 1.8        1.79999989 1.8        1.79989344 1.79999644 1.80000163 1.80000119 1.8        1.8        1.8        1.8       ]
Sample_108: [1.79999999 1.8        1.79999989 1.79999999 1.79989142 1.79999185 1.80000036 1.80000053 1.8        1.8        1.8        1.8       ]
Sample_109: [2.49999998 2.5        2.49999984 2.49999997 2.49984557 2.4999722  2.49999798 2.49999928 2.5        2.5        2.5        2.5       ]
Sample_110: [1.99999999 2.         1.99999988 1.99999998 1.99987826 1.99997891 1.99999842 1.99999962 2.         2.         2.         2.        ]
Sample_111: [1.89999999 1.9        1.89999988 1.89999998 1.89988414 1.89998401 1.89999899 1.89999987 1.9        1.9        1.9        1.9       ]
Sample_112: [2.09999999 2.1        2.09999987 2.09999998 2.09987138 2.0999795  2.09999832 2.0999994  2.1        2.1        2.1        2.1       ]
Sample_113: [1.99999999 2.         1.99999987 1.99999998 1.99987561 1.99997799 1.99999806 1.99999956 2.         2.         2.         2.        ]
Sample_114: [2.39999998 2.4        2.39999985 2.39999997 2.39984836 2.39996616 2.39999625 2.39999855 2.4        2.4        2.4        2.4       ]
Sample_115: [2.29999999 2.3        2.29999986 2.29999997 2.29985718 2.29997118 2.29999729 2.29999903 2.3        2.3        2.3        2.3       ]
Sample_116: [1.79999999 1.8        1.79999989 1.79999999 1.79989218 1.79998894 1.80000044 1.80000081 1.8        1.8        1.8        1.8       ]
Sample_117: [2.19999999 2.2        2.19999987 2.19999999 2.19986821 2.19998725 2.20000115 2.20000107 2.2        2.2        2.2        2.2       ]
Sample_118: [2.29999999 2.3        2.29999986 2.29999999 2.29985842 2.29998621 2.29999946 2.29999967 2.3        2.3        2.3        2.3       ]
Sample_119: [1.49999999 1.5        1.49999991 1.49999999 1.49991043 1.499994   1.5000003  1.50000063 1.5        1.5        1.5        1.5       ]
Sample_120: [2.29999999 2.3        2.29999986 2.29999997 2.29985804 2.29997494 2.29999785 2.29999916 2.3        2.3        2.3        2.3       ]
Sample_121: [1.99999999 2.         1.99999987 1.99999998 1.99987615 1.99997698 1.99999831 1.99999985 2.         2.         2.         2.        ]
Sample_122: [1.99999999 2.         1.99999988 1.99999999 1.99987987 1.99999386 2.00000097 2.00000061 2.         2.         2.         2.        ]
Sample_123: [1.79999999 1.8        1.79999989 1.79999998 1.79989076 1.79998351 1.7999986  1.79999962 1.8        1.8        1.8        1.8       ]
Sample_124: [2.09999999 2.1        2.09999987 2.09999998 2.09987215 2.09998121 2.0999994  2.10000022 2.1        2.1        2.1        2.1       ]
Sample_125: [1.79999999 1.8        1.79999989 1.79999999 1.79989382 1.79999361 1.80000133 1.80000112 1.8        1.8        1.8        1.8       ]
Sample_126: [1.79999999 1.8        1.79999989 1.79999998 1.79989081 1.79998255 1.79999857 1.79999968 1.8        1.8        1.8        1.8       ]
Sample_127: [1.79999999 1.8        1.79999989 1.79999998 1.79989126 1.79998339 1.79999923 1.80000021 1.8        1.8        1.8        1.8       ]
Sample_128: [2.09999999 2.1        2.09999987 2.09999998 2.09987054 2.09998036 2.09999876 2.09999981 2.1        2.1        2.1        2.1       ]
Sample_129: [1.59999999 1.6        1.59999991 1.6        1.59990726 1.59999818 1.6000017  1.60000124 1.6        1.6        1.6        1.6       ]
Sample_130: [1.89999999 1.9        1.89999988 1.89999999 1.89988611 1.8999915  1.90000024 1.90000025 1.9        1.9        1.9        1.9       ]
Sample_131: [1.99999999 2.         1.99999988 1.99999999 1.99988227 1.99999091 2.00000129 2.00000101 2.         2.         2.         2.        ]
Sample_132: [2.19999999 2.2        2.19999986 2.19999998 2.19986349 2.19997719 2.19999817 2.19999945 2.2        2.2        2.2        2.2       ]
Sample_133: [1.49999999 1.5        1.49999991 1.49999999 1.49991228 1.49999483 1.50000107 1.50000116 1.5        1.5        1.5        1.5       ]
Sample_134: [1.39999999 1.4        1.39999992 1.4        1.39991902 1.40000256 1.40000299 1.40000241 1.4        1.4        1.4        1.4       ]
Sample_135: [2.29999999 2.3        2.29999986 2.29999998 2.29985875 2.29997882 2.2999978  2.29999871 2.3        2.3        2.3        2.3       ]
Sample_136: [2.39999998 2.4        2.39999985 2.39999997 2.39985075 2.39997067 2.39999791 2.39999956 2.4        2.4        2.4        2.4       ]
Sample_137: [1.79999999 1.8        1.79999989 1.79999999 1.79989231 1.79998889 1.80000069 1.80000105 1.8        1.8        1.8        1.8       ]
Sample_138: [1.79999999 1.8        1.79999989 1.79999998 1.79989108 1.79998246 1.79999906 1.80000015 1.8        1.8        1.8        1.8       ]
Sample_139: [2.09999999 2.1        2.09999987 2.09999998 2.09987165 2.09997858 2.09999808 2.09999922 2.1        2.1        2.1        2.1       ]
Sample_140: [2.39999998 2.4        2.39999985 2.39999997 2.39985046 2.39997084 2.39999706 2.39999874 2.4        2.4        2.4        2.4       ]
Sample_141: [2.29999999 2.3        2.29999986 2.29999997 2.29985732 2.29996951 2.29999606 2.29999797 2.3        2.3        2.3        2.3       ]
Sample_142: [1.89999999 1.9        1.89999988 1.89999998 1.89988333 1.89998204 1.8999991  1.90000021 1.9        1.9        1.9        1.9       ]
Sample_143: [2.29999999 2.3        2.29999986 2.29999998 2.29985809 2.29997674 2.29999851 2.29999964 2.3        2.3        2.3        2.3       ]
Sample_144: [2.49999998 2.5        2.49999984 2.49999997 2.49984398 2.49996852 2.49999701 2.4999988  2.5        2.5        2.5        2.5       ]
Sample_145: [2.29999999 2.3        2.29999986 2.29999997 2.29985694 2.2999704  2.29999641 2.29999827 2.3        2.3        2.3        2.3       ]
Sample_146: [1.89999999 1.9        1.89999988 1.89999998 1.89988331 1.8999813  1.899998   1.89999921 1.9        1.9        1.9        1.9       ]
Sample_147: [1.99999999 2.         1.99999988 1.99999998 1.99987785 1.99997987 1.99999842 1.99999957 2.         2.         2.         2.        ]
Sample_148: [2.29999999 2.3        2.29999986 2.29999997 2.29985753 2.29997199 2.29999806 2.29999968 2.3        2.3        2.3        2.3       ]
Sample_149: [1.79999999 1.8        1.79999989 1.79999998 1.79989121 1.79998516 1.8        1.8000008  1.8        1.8        1.8        1.8       ]

--- Matriz de Erros (Epsilon) ---
Shape: (150, 12)
Sample_0: [-1.29221078e-10 -1.93798477e-10 -1.29216671e-09 -1.93802582e-09 -1.27540596e-06 -1.93077956e-06 -9.04604709e-07 -1.38486896e-06 -9.04843062e-10 -1.38514999e-09 -9.04293584e-11 -1.38461076e-10]
Sample_1: [ 1.55386537e-11 -2.02034500e-10  1.55413848e-10 -2.02049624e-09  1.52700878e-07 -2.01493603e-06 -4.37790267e-07 -1.03331537e-06 -4.37987480e-10 -1.03354025e-09 -4.37569148e-11 -1.03319270e-10]
Sample_2: [-5.49876811e-12 -1.02011094e-10 -5.50164081e-11 -1.02023129e-09 -3.41276544e-08 -1.00516069e-06 -6.55741999e-07 -1.32244705e-06 -6.55955956e-10 -1.32270375e-09 -6.55502874e-11 -1.32231337e-10]
Sample_3: [ 1.75622017e-11 -2.83400386e-10  1.75578996e-10 -2.83407842e-09  1.57232503e-07 -2.82802930e-06 -1.17962124e-06 -1.68033670e-06 -1.17980531e-09 -1.68058445e-09 -1.17944321e-10 -1.68029340e-10]
Sample_4: [-1.42853868e-10 -1.89054133e-10 -1.42852211e-09 -1.89055099e-09 -1.40870570e-06 -1.88093804e-06 -1.15144690e-06 -1.61893922e-06 -1.15168872e-09 -1.61923625e-09 -1.15113558e-10 -1.61868768e-10]
Sample_5: [ 1.13843540e-09  1.73010550e-10  1.13844514e-08  1.73017373e-09  1.12755656e-05  1.71853805e-06 -7.58500622e-07 -1.32847817e-06 -7.58761554e-10 -1.32878064e-09 -7.58117458e-11 -1.32810207e-10]
Sample_6: [ 6.58799182e-10  1.32191369e-10  6.58793420e-09  1.32184891e-09  6.55324650e-06  1.33349110e-06 -7.18893812e-07 -1.49717500e-06 -7.19115489e-10 -1.49745083e-09 -7.18641258e-11 -1.49703028e-10]
Sample_7: [-9.99319516e-11 -2.84653051e-10 -9.99290789e-10 -2.84655768e-09 -1.00427485e-06 -2.84355589e-06 -1.15275131e-06 -1.56374976e-06 -1.15296958e-09 -1.56402172e-09 -1.15248339e-10 -1.56355762e-10]
Sample_8: [ 9.48249812e-11 -1.93505378e-10  9.48172346e-10 -1.93519639e-09  9.38807581e-07 -1.92330512e-06 -8.48716509e-07 -1.50107174e-06 -8.48889847e-10 -1.50130094e-09 -8.48572046e-11 -1.50108731e-10]
Sample_9: [-7.23998514e-10 -6.07497858e-10 -7.23996497e-09 -6.07504062e-09 -7.21171673e-06 -6.07140527e-06 -1.44737417e-06 -1.68487371e-06 -1.44756125e-09 -1.68512088e-09 -1.44717557e-10 -1.68478273e-10]
Sample_10: [-2.17426105e-10 -2.85905744e-10 -2.17416057e-09 -2.85903698e-09 -2.16578219e-06 -2.85908248e-06 -1.12588137e-06 -1.44716281e-06 -1.12613385e-09 -1.44745899e-09 -1.12552384e-10 -1.44682183e-10]
Sample_11: [-8.42756143e-11 -3.70763281e-10 -8.42770270e-10 -3.70761472e-09 -8.66443478e-07 -3.70649069e-06 -1.64774010e-06 -1.97670082e-06 -1.64794176e-09 -1.97697969e-09 -1.64751546e-10 -1.97658140e-10]
Sample_12: [-6.82253046e-10 -5.17283008e-10 -6.82252804e-09 -5.17294199e-09 -6.78104372e-06 -5.16399704e-06 -1.14405548e-06 -1.50573681e-06 -1.14424210e-09 -1.50597464e-09 -1.14386486e-10 -1.50566296e-10]
Sample_13: [-6.08857284e-10 -2.34617659e-10 -6.08868392e-09 -2.34635066e-09 -5.99772506e-06 -2.31582652e-06 -8.64997900e-07 -1.55356579e-06 -8.65196956e-10 -1.55382014e-09 -8.64817801e-11 -1.55353896e-10]
Sample_14: [-3.16235760e-10 -1.55542801e-11 -3.16218884e-09 -1.55570501e-10 -3.08797668e-06 -1.44332246e-07 -2.71813501e-07 -7.93549307e-07 -2.72129624e-10 -7.93869331e-10 -2.71312972e-11 -7.92985677e-11]
Sample_15: [ 9.95189764e-10  3.60103725e-10  9.95203131e-09  3.60114549e-09  9.89819952e-06  3.59930033e-06 -5.64221701e-07 -1.20504295e-06 -5.64546798e-10 -1.20539795e-09 -5.63700198e-11 -1.20445820e-10]
Sample_16: [ 1.16334803e-09  5.35149369e-10  1.16335734e-08  5.35143474e-09  1.15946494e-05  5.35890716e-06  3.44429960e-07 -6.12442765e-07  3.44129780e-10 -6.12744744e-10  3.44884676e-11 -6.11968809e-11]
Sample_17: [ 5.79512882e-10  1.23662247e-10  5.79517567e-09  1.23654903e-09  5.76713980e-06  1.24186019e-06 -3.07967571e-07 -1.02941863e-06 -3.08213122e-10 -1.02969011e-09 -3.07638359e-11 -1.02913567e-10]
Sample_18: [ 4.21449708e-10 -1.53619062e-10  4.21466334e-09 -1.53613422e-09  4.14871727e-06 -1.55110071e-06 -8.89039428e-07 -1.21591602e-06 -8.89296525e-10 -1.21620536e-09 -8.88648599e-11 -1.21550991e-10]
Sample_19: [ 4.99559560e-10  4.07238687e-11  4.99562747e-09  4.07270995e-10  4.96106614e-06  4.10556280e-07 -9.95342567e-07 -1.55972496e-06 -9.95598881e-10 -1.56003432e-09 -9.94992422e-11 -1.55941426e-10]
Sample_20: [-1.56157282e-10 -4.74571465e-10 -1.56145388e-09 -4.74570466e-09 -1.59902139e-06 -4.75805540e-06 -1.26570431e-06 -1.45388303e-06 -1.26591657e-09 -1.45414172e-09 -1.26542110e-10 -1.45364359e-10]
Sample_21: [ 1.23286858e-09  3.55652507e-10  1.23287258e-08  3.55650009e-09  1.22457128e-05  3.55693325e-06 -2.61491312e-07 -1.08717547e-06 -2.61747957e-10 -1.08746268e-09 -2.61136668e-11 -1.08685783e-10]
Sample_22: [-7.41721962e-11  1.81933663e-10 -7.41797984e-10  1.81922649e-09 -6.54417247e-07  1.85374603e-06 -4.87028603e-07 -1.37078824e-06 -4.87296065e-10 -1.37109829e-09 -4.86697349e-11 -1.37053507e-10]
Sample_23: [ 2.02744638e-09  4.81915396e-10  2.02745308e-08  4.81906159e-09  2.00971203e-05  4.80433730e-06  3.32537005e-07 -6.21346201e-07  3.32320282e-10 -6.21573792e-10  3.32822658e-11 -6.21123153e-11]
Sample_24: [-1.02960085e-10 -6.42367409e-10 -1.02961178e-09 -6.42356046e-09 -1.10575634e-06 -6.43676751e-06 -2.47493803e-06 -2.51372738e-06 -2.47511026e-09 -2.51400664e-09 -2.47476678e-10 -2.51368149e-10]
Sample_25: [-7.85993493e-12 -3.85316168e-10 -7.85476961e-11 -3.85325585e-09 -1.15642187e-07 -3.85869932e-06 -8.79627486e-07 -1.27436197e-06 -8.79808476e-10 -1.27458372e-09 -8.79429030e-11 -1.27426431e-10]
Sample_26: [ 1.31130778e-09  2.59733735e-10  1.31131135e-08  2.59727678e-09  1.30010457e-05  2.59163135e-06 -2.35209678e-07 -1.03185795e-06 -2.35432507e-10 -1.03211090e-09 -2.34923747e-11 -1.03164144e-10]
Sample_27: [-1.46391510e-10 -2.86545454e-10 -1.46384774e-09 -2.86547019e-09 -1.46397807e-06 -2.86445058e-06 -1.07070928e-06 -1.44690670e-06 -1.07094122e-09 -1.44718448e-09 -1.07040293e-10 -1.44664891e-10]
Sample_28: [-1.15588289e-10 -1.98542849e-10 -1.15581134e-09 -1.98550068e-09 -1.14210621e-06 -1.98062109e-06 -6.57762520e-07 -1.15079869e-06 -6.57997407e-10 -1.15106377e-09 -6.57451316e-11 -1.15053383e-10]
Sample_29: [-2.41832665e-11 -3.73615222e-10 -2.41857923e-10 -3.73617703e-09 -2.73440512e-07 -3.73543752e-06 -1.48293994e-06 -1.85947361e-06 -1.48312446e-09 -1.85973068e-09 -1.48275392e-10 -1.85941346e-10]
Sample_30: [-1.05504772e-11 -3.78359566e-10 -1.05502551e-10 -3.78365189e-09 -1.40140770e-07 -3.78527905e-06 -1.23609775e-06 -1.62540334e-06 -1.23627880e-09 -1.62564445e-09 -1.23591193e-10 -1.62533653e-10]
Sample_31: [ 1.27376698e-09  3.41419448e-10  1.27377919e-08  3.41407558e-09  1.26456120e-05  3.40740866e-06  4.79035255e-07 -3.84964668e-07  4.78789008e-10 -3.85203980e-10  4.79389861e-11 -3.84626775e-11]
Sample_32: [-1.00257573e-09 -5.88813581e-10 -1.00257256e-08 -5.88797069e-09 -9.95912924e-06 -5.87951360e-06 -2.49063112e-06 -2.50495199e-06 -2.49089707e-09 -2.50531487e-09 -2.49026536e-10 -2.50461374e-10]
Sample_33: [-3.45015433e-10 -1.84922772e-10 -3.45006013e-09 -1.84912219e-09 -3.40531691e-06 -1.84125500e-06 -1.42659124e-06 -1.73667865e-06 -1.42689127e-09 -1.73703427e-09 -1.42613865e-10 -1.73620146e-10]
Sample_34: [-7.23998514e-10 -6.07497858e-10 -7.23996497e-09 -6.07504062e-09 -7.21171673e-06 -6.07140527e-06 -1.44737417e-06 -1.68487371e-06 -1.44756125e-09 -1.68512088e-09 -1.44717557e-10 -1.68478273e-10]
Sample_35: [-3.20973526e-11 -1.81131221e-11 -3.20937471e-10 -1.81303389e-10 -2.80760182e-07 -1.65804637e-07 -5.11251385e-08 -7.92524880e-07 -5.13591114e-11 -7.92771293e-10 -5.08298958e-12 -7.92294286e-11]
Sample_36: [-1.66761938e-10 -1.12112764e-10 -1.66748829e-09 -1.12122706e-09 -1.63083964e-06 -1.11500225e-06 -1.90359776e-07 -7.37975678e-07 -1.90621546e-10 -7.38243050e-10 -1.89979699e-11 -7.37596373e-11]
Sample_37: [-7.23998514e-10 -6.07497858e-10 -7.23996497e-09 -6.07504062e-09 -7.21171673e-06 -6.07140527e-06 -1.44737417e-06 -1.68487371e-06 -1.44756125e-09 -1.68512088e-09 -1.44717557e-10 -1.68478273e-10]
Sample_38: [ 7.64781016e-11 -1.00438574e-10  7.64696945e-10 -1.00453540e-09  7.76477631e-07 -9.86950053e-07 -7.10197980e-07 -1.43916205e-06 -7.10387998e-10 -1.43940374e-09 -7.10022874e-11 -1.43913548e-10]
Sample_39: [-1.10874199e-10 -2.86865309e-10 -1.10869131e-09 -2.86868682e-09 -1.11307601e-06 -2.86713463e-06 -1.04312324e-06 -1.44677865e-06 -1.04334491e-09 -1.44704723e-09 -1.04284276e-10 -1.44656231e-10]
Sample_40: [ 5.96683314e-10  2.16409224e-10  5.96685673e-09  2.16399343e-09  5.95571191e-06  2.17553121e-06 -1.41862997e-07 -9.67380882e-07 -1.42114931e-10 -9.67655622e-10 -1.41529011e-11 -9.67097513e-11]
Sample_41: [ 9.46295098e-10  1.97085237e-10  9.46293016e-09  1.97049027e-09  9.40492854e-06  1.97827144e-06  9.56566050e-07 -1.47046494e-07  9.56413504e-10 -1.47187096e-10  9.56681401e-11 -1.47094004e-11]
Sample_42: [ 2.73280010e-11 -9.53743751e-11  2.73185141e-10 -9.53843948e-10  2.92275826e-07 -9.34424477e-07 -9.84626215e-07 -1.67336037e-06 -9.84829968e-10 -1.67362721e-09 -9.84425319e-11 -1.67329900e-10]
Sample_43: [ 2.70420064e-09  8.97187324e-10  2.70420424e-08  8.97177221e-09  2.68440363e-05  8.96317364e-06  8.20850483e-07 -4.38056446e-07  8.20606472e-10 -4.38302838e-10  8.21184232e-11 -4.37773151e-11]
Sample_44: [ 1.18338089e-09 -3.95422584e-12  1.18338478e-08 -3.94151378e-11  1.16845281e-05 -5.71730688e-08 -1.50163601e-06 -1.92031004e-06 -1.50186025e-09 -1.92061034e-09 -1.50133905e-10 -1.92007299e-10]
Sample_45: [ 7.35214889e-10  1.17638510e-10  7.35215677e-09  1.17620774e-09  7.30404779e-06  1.18128247e-06  4.92187999e-08 -7.94836147e-07  4.90177898e-11 -7.95054855e-10  4.94448926e-12 -7.94713184e-11]
Sample_46: [-2.15402557e-10 -3.67271602e-10 -2.15399543e-09 -3.67261915e-09 -2.16125057e-06 -3.67217575e-06 -1.86771235e-06 -2.09418414e-06 -1.86795168e-09 -2.09450321e-09 -1.86739790e-10 -2.09392254e-10]
Sample_47: [-7.84677878e-13 -1.90333582e-10 -7.89640575e-12 -1.90341742e-09 -5.09744708e-09 -1.89167423e-06 -1.04110272e-06 -1.61842701e-06 -1.04130346e-09 -1.61868721e-09 -1.04089404e-10 -1.61834185e-10]
Sample_48: [-2.06483858e-10 -2.83693485e-10 -2.06476006e-09 -2.83690785e-09 -2.05698103e-06 -2.83550374e-06 -1.23550945e-06 -1.56413392e-06 -1.23575852e-09 -1.56443350e-09 -1.23516475e-10 -1.56381713e-10]
Sample_49: [-6.91287305e-11 -1.96650446e-10 -6.91254387e-10 -1.96658817e-09 -6.82402990e-07 -1.95972640e-06 -7.39804547e-07 -1.26764174e-06 -7.40025763e-10 -1.26790101e-09 -7.39531769e-11 -1.26744254e-10]
Sample_50: [ 8.03587930e-09  5.78456172e-10  8.03593432e-08  5.78497894e-09  7.92617823e-05  5.58106798e-06 -3.49560632e-07 -4.53008592e-07 -3.49605456e-10 -4.53077131e-10 -3.49418272e-11 -4.52859972e-11]
Sample_51: [ 8.82272322e-09  1.09025966e-09  8.82276499e-08  1.09029590e-08  8.71166770e-05  1.07153647e-05  1.40773367e-07 -4.41367199e-07  1.40722101e-10 -4.41446213e-10  1.40891743e-11 -4.41289227e-11]
Sample_52: [ 8.76767436e-09  7.14527548e-10  8.76772810e-08  7.14570669e-09  8.64956883e-05  6.93083913e-06 -2.76802739e-07 -4.55447912e-07 -2.76824785e-10 -4.55497862e-10 -2.76703105e-11 -4.55364635e-11]
Sample_53: [ 7.75605180e-09  9.05133080e-10  7.75607754e-08  9.05143605e-09  7.65885588e-05  8.89639015e-06  5.74436726e-07 -2.56071120e-07  5.74443160e-10 -2.56085819e-10  5.74378323e-11 -2.56294985e-11]
Sample_54: [ 8.90385299e-09  9.87384396e-10  8.90389924e-08  9.87413173e-09  8.78965085e-05  9.67664255e-06  5.23525262e-07 -3.50083031e-08  5.23507904e-10 -3.50337537e-11  5.23587840e-11 -3.50008911e-12]
Sample_55: [ 7.58015117e-09  4.60695482e-10  7.58017922e-08  4.60733030e-09  7.47615972e-05  4.43008523e-06 -1.27104094e-06 -1.50266897e-06 -1.27102640e-09 -1.50274038e-09 -1.27109878e-10 -1.50287782e-10]
Sample_56: [ 9.50536805e-09  1.23139543e-09  9.50540757e-08  1.23143782e-08  9.38663811e-05  1.21176615e-05 -6.08969739e-08 -6.78004839e-07 -6.09392536e-11 -6.78090473e-10 -6.07958128e-12 -6.77957690e-11]
Sample_57: [ 5.71452552e-09  6.02299433e-10  5.71453589e-08  6.02303862e-09  5.64300242e-05  5.91685204e-06 -8.03287195e-08 -8.88285950e-07 -8.03557221e-11 -8.88361162e-10 -8.03801470e-12 -8.88538132e-11]
Sample_58: [ 7.45086770e-09  3.52782692e-10  7.45091511e-08  3.52819862e-09  7.34605149e-05  3.33404709e-06 -6.97335060e-07 -7.46037017e-07 -6.97348179e-10 -7.46090745e-10 -6.97282232e-11 -7.46036566e-11]
Sample_59: [ 8.40554049e-09  1.32989375e-09  8.40555761e-08  1.32990965e-08  8.30688754e-05  1.31549096e-05  5.69065826e-07 -5.40921899e-07  5.69038150e-10 -5.40987255e-10  5.69055914e-11 -5.41098277e-11]
Sample_60: [ 5.78942705e-09  4.08889367e-10  5.78944209e-08  4.08889611e-09  5.71300848e-05  3.96803760e-06  2.66905299e-08 -6.60935906e-07  2.67071920e-11 -6.60957733e-10  2.65654165e-12 -6.61282140e-11]
Sample_61: [ 8.94526897e-09  1.36786094e-09  8.94530057e-08  1.36788589e-08  8.83841974e-05  1.35110097e-05  6.94259179e-07 -2.54997857e-07  6.94209357e-10 -2.55068189e-10  6.94342361e-11 -2.55002686e-11]
Sample_62: [ 5.59971369e-09 -6.08424422e-11  5.59975014e-08 -6.08279871e-10  5.51590166e-05 -7.65685601e-07 -5.30120214e-07 -6.20467417e-07 -5.30102184e-10 -6.20481222e-10 -5.30180344e-11 -6.20661300e-11]
Sample_63: [ 8.20808466e-09  5.90770100e-10  8.20812156e-08  5.90810378e-09  8.09672955e-05  5.71448827e-06 -9.24570926e-07 -1.15445107e-06 -9.24564425e-10 -1.15451226e-09 -9.24582633e-11 -1.15457199e-10]
Sample_64: [ 7.62257191e-09  1.28025235e-09  7.62259613e-08  1.28026423e-08  7.53462360e-05  1.26707572e-05  9.63710677e-07 -1.25659568e-07  9.63633395e-10 -1.25745858e-10  9.63813473e-11 -1.25655042e-11]
Sample_65: [ 8.11196554e-09  8.54164961e-10  8.11201422e-08  8.54196647e-09  8.00695996e-05  8.35581823e-06  2.85967207e-07 -1.49796197e-07  2.85909962e-10 -1.49861901e-10  2.86111135e-11 -1.49662505e-11]
Sample_66: [ 8.95941121e-09  1.10289355e-09  8.95943657e-08  1.10293006e-08  8.84712880e-05  1.08514691e-05 -4.61822973e-07 -1.14293773e-06 -4.61833238e-10 -1.14301857e-09 -4.61830574e-11 -1.14308785e-10]
Sample_67: [ 5.49249479e-09 -1.34292133e-10  5.49252425e-08 -1.34260825e-09  5.40863435e-05 -1.49730646e-06 -1.71117959e-06 -1.61891428e-06 -1.71117942e-09 -1.61899782e-09 -1.71122005e-10 -1.61909375e-10]
Sample_68: [9.09035802e-09 1.06936326e-09 9.09040099e-08 1.06937601e-08 8.97552883e-05 1.04998943e-05 1.29365840e-06 4.95682189e-07 1.29368272e-09 4.95722352e-10 1.29362299e-10 4.95536945e-11]
Sample_69: [ 6.28471963e-09  3.63598263e-10  6.28474588e-08  3.63616381e-09  6.19902353e-05  3.49014975e-06 -5.07905068e-07 -9.05190143e-07 -5.07911047e-10 -9.05245656e-10 -5.07942577e-11 -9.05377995e-11]
Sample_70: [ 1.09849518e-08  1.78209913e-09  1.09849838e-07  1.78213835e-08  1.08549007e-04  1.76209009e-05  5.55346488e-07 -4.96898297e-07  5.55320234e-10 -4.96965802e-10  5.55402391e-11 -4.96940267e-11]
Sample_71: [ 7.56752305e-09  9.04520236e-10  7.56755927e-08  9.04538999e-09  7.47252473e-05  8.88623165e-06  5.46134571e-07 -1.39740280e-07  5.46086287e-10 -1.39797507e-10  5.46216405e-11 -1.39730449e-11]
Sample_72: [ 8.98077812e-09  7.12608417e-10  8.98082195e-08  7.12640702e-09  8.86011006e-05  6.91473484e-06 -1.11286466e-07 -4.54679591e-07 -1.11247012e-10 -4.54674298e-10 -1.11342047e-11 -4.54845051e-11]
Sample_73: [ 6.81519197e-09 -4.66835459e-11  6.81522867e-08 -4.66391592e-10  6.71243049e-05 -6.57054032e-07 -1.98063109e-06 -1.74825257e-06 -1.98060346e-09 -1.74832038e-09 -1.98069117e-10 -1.74843917e-10]
Sample_74: [ 7.49143680e-09  6.28811447e-10  7.49147937e-08  6.28840269e-09  7.39174301e-05  6.11148140e-06 -8.93932675e-08 -4.42952675e-07 -8.94291308e-11 -4.43012738e-10 -8.93130014e-12 -4.42927917e-11]
Sample_75: [ 8.14748291e-09  8.53844995e-10  8.14752987e-08  8.53874971e-09  8.04205016e-05  8.35313418e-06  3.13553252e-07 -1.49668143e-07  3.13506332e-10 -1.49724677e-10  3.13671311e-11 -1.49575907e-11]
Sample_76: [ 8.14983592e-09  4.82217599e-10  8.14988874e-08  4.82253903e-09  8.03680173e-05  4.61308203e-06 -2.95692952e-07 -3.97563017e-07 -2.95693692e-10 -3.97587963e-10 -2.95645730e-11 -3.97557542e-11]
Sample_77: [ 1.02253737e-08  1.26080679e-09  1.02254242e-07  1.26084538e-08  1.00960712e-04  1.23869211e-05  5.58696867e-07 -4.03991562e-08  5.58683988e-10 -4.04243305e-11  5.58775248e-11 -4.03566069e-12]
Sample_78: [ 8.94021723e-09  1.09151244e-09  8.94025196e-08  1.09154383e-08  8.82781843e-05  1.07308913e-05  1.13903432e-07 -5.57954146e-07  1.13886456e-10 -5.58008972e-10  1.13933307e-11 -5.58024738e-11]
Sample_79: [ 5.56538104e-09  4.08596268e-10  5.56540819e-08  4.08606660e-09  5.49158712e-05  3.96056315e-06 -2.91976705e-08 -5.44733120e-07 -2.92461610e-11 -5.44806866e-10 -2.91566771e-12 -5.44806422e-11]
Sample_80: [ 6.32646513e-09  4.53813209e-10  6.32648955e-08  4.53826265e-09  6.24209083e-05  4.39755798e-06 -2.04586378e-07 -7.26053238e-07 -2.04591899e-10 -7.26099403e-10 -2.04631867e-11 -7.26259053e-11]
Sample_81: [ 5.62395930e-09  2.26887065e-10  5.62398337e-08  2.26900287e-09  5.54581335e-05  2.13501050e-06 -5.25490871e-07 -9.02494716e-07 -5.25499200e-10 -9.02550257e-10 -5.25537391e-11 -9.02700137e-11]
Sample_82: [ 6.92241908e-09  6.81698697e-10  6.92244881e-08  6.81717194e-09  6.83309769e-05  6.66815761e-06  3.35599795e-08 -5.49995919e-07  3.35262929e-11 -5.50060220e-10  3.35909078e-12 -5.50075541e-11]
Sample_83: [ 9.66073244e-09  8.60700622e-10  9.66076907e-08  8.60743032e-09  9.53263062e-05  8.39045183e-06 -6.69427068e-07 -1.04235861e-06 -6.69378553e-10 -1.04237929e-09 -6.69511113e-11 -1.04258602e-10]
Sample_84: [ 8.98129571e-09  1.10731802e-09  8.98131667e-08  1.10735587e-08  8.86888904e-05  1.08986265e-05 -6.81079116e-07 -1.37687995e-06 -6.81082524e-10 -1.37696765e-09 -6.81112944e-11 -1.37707845e-10]
Sample_85: [ 9.52607593e-09  1.42163370e-09  9.52610824e-08  1.42167418e-08  9.41102256e-05  1.40348450e-05  2.44699845e-08 -7.87999616e-07  2.44115839e-11 -7.88107801e-10  2.45825582e-12 -7.87958587e-11]
Sample_86: [ 8.80201512e-09  9.00021613e-10  8.80206430e-08  9.00059538e-09  8.68728325e-05  8.79818116e-06  5.54064090e-08 -3.31372422e-07  5.53714852e-11 -3.31428884e-10  5.55155921e-12 -3.31288330e-11]
Sample_87: [ 7.64360109e-09  5.25296251e-10  7.64364492e-08  5.25314214e-09  7.53990657e-05  5.06739113e-06  3.48530718e-07 -3.63376729e-08  3.48549190e-10 -3.63258312e-11  3.48503448e-11 -3.64663855e-12]
Sample_88: [ 7.56685603e-09  8.30110869e-10  7.56688030e-08  8.30141178e-09  7.47052803e-05  8.14655865e-06 -5.52166668e-07 -1.13780299e-06 -5.52201840e-10 -1.13790244e-09 -5.52140555e-11 -1.13790311e-10]
Sample_89: [ 7.70690156e-09  9.10197251e-10  7.70692634e-08  9.10212750e-09  7.61043570e-05  8.94891573e-06  3.00008492e-07 -4.90269441e-07  3.00001357e-10 -4.90309127e-10  2.99975600e-11 -4.90456564e-11]
Sample_90: [ 6.94868008e-09  2.33129738e-10  6.94870432e-08  2.33163733e-09  6.85006265e-05  2.16216966e-06 -1.53677335e-06 -1.67885434e-06 -1.53674096e-09 -1.67891678e-09 -1.53688173e-10 -1.67914793e-10]
Sample_91: [ 8.18973778e-09  6.83836765e-10  8.18977401e-08  6.83876489e-09  8.08049655e-05  6.65084333e-06 -7.86052398e-07 -1.09254138e-06 -7.86062770e-10 -1.09261511e-09 -7.86033461e-11 -1.09261933e-10]
Sample_92: [ 6.94076596e-09  5.88632032e-10  6.94079636e-08  5.88651106e-09  6.84933068e-05  5.73180254e-06 -1.04958549e-07 -6.11905611e-07 -1.04975584e-10 -6.11957374e-10 -1.04958264e-11 -6.12028206e-11]
Sample_93: [ 5.72815828e-09  5.97555005e-10  5.72817143e-08  5.97556382e-09  5.65633240e-05  5.86701051e-06  1.66513469e-07 -6.54215683e-07  1.66489822e-10 -6.54275079e-10  1.66462399e-11 -6.54460930e-11]
Sample_94: [ 7.63435293e-09  7.31979810e-10  7.63437902e-08  7.32005945e-09  7.53518121e-05  7.15767801e-06 -4.16256962e-07 -9.65514358e-07 -4.16261692e-10 -9.65576286e-10 -4.16287005e-11 -9.65691971e-11]
Sample_95: [ 6.84095158e-09  4.19903223e-10  6.84097796e-08  4.19939261e-09  6.74741625e-05  4.04024788e-06 -1.31490838e-06 -1.55529106e-06 -1.31492994e-09 -1.55539692e-09 -1.31490374e-10 -1.55541580e-10]
Sample_96: [ 7.57426055e-09  7.34831751e-10  7.57428777e-08  7.34862171e-09  7.47588091e-05  7.18662485e-06 -5.81057124e-07 -1.08274157e-06 -5.81078963e-10 -1.08282516e-09 -5.81048543e-11 -1.08286047e-10]
Sample_97: [ 7.51332130e-09  6.33235908e-10  7.51335947e-08  6.33266084e-09  7.41350324e-05  6.15863888e-06 -3.08649411e-07 -6.76894889e-07 -3.08678416e-10 -6.76961820e-10 -3.08595371e-11 -6.76918521e-11]
Sample_98: [6.39548436e-09 1.18947185e-09 6.39549858e-08 1.18946468e-08 6.32521796e-05 1.17988739e-05 1.42554838e-06 1.21033989e-07 1.42547107e-09 1.20962795e-10 1.42560630e-10 1.20945476e-11]
Sample_99: [ 7.60506391e-09  8.22834467e-10  7.60509142e-08  8.22859114e-09  7.50806810e-05  8.07045434e-06 -1.68110362e-07 -7.86633559e-07 -1.68135061e-10 -7.86704479e-10 -1.68096648e-11 -7.86746224e-11]
Sample_100: [1.58030073e-08 2.91159097e-09 1.58030511e-07 2.91164537e-08 1.56212270e-04 2.88402197e-05 1.72431288e-06 1.93933061e-07 1.72433356e-09 1.93931982e-10 1.72434511e-10 1.93880467e-11]
Sample_101: [ 1.18088188e-08  1.81750748e-09  1.18088519e-07  1.81754132e-08  1.16671546e-04  1.79555286e-05  9.01228204e-07 -2.09949828e-07  9.01261954e-10 -2.09948725e-10  9.01170250e-11 -2.10151896e-11]
Sample_102: [1.29604869e-08 1.70698833e-09 1.29605485e-07 1.70703993e-08 1.27977752e-04 1.67923346e-05 9.02163899e-07 2.38206927e-07 9.02196984e-10 2.38232545e-10 9.02202757e-11 2.38222775e-11]
Sample_103: [ 1.09650826e-08  1.04137610e-09  1.09651260e-07  1.04143079e-08  1.08201938e-04  1.01670593e-05 -8.00360038e-07 -1.10978720e-06 -8.00300937e-10 -1.10980447e-09 -8.00433053e-11 -1.10998100e-10]
Sample_104: [1.37411025e-08 2.12825713e-09 1.37411512e-07 2.12830642e-08 1.35752876e-04 2.10165391e-05 1.11676525e-06 7.08394676e-08 1.11680176e-09 7.08544334e-11 1.11676446e-10 7.07611747e-12]
Sample_105: [ 1.28621784e-08  1.06218412e-09  1.28622519e-07  1.06225473e-08  1.26875349e-04  1.03037950e-05 -4.79824260e-07 -4.29999502e-07 -4.79739803e-10 -4.29957847e-10 -4.79842832e-11 -4.30033786e-11]
Sample_106: [ 1.05763502e-08  1.74064030e-09  1.05763634e-07  1.74066255e-08  1.04528492e-04  1.72304858e-05  6.50125388e-07 -6.65339019e-07  6.50158816e-10 -6.65361544e-10  6.49997833e-11 -6.65696387e-11]
Sample_107: [ 1.08120630e-08  3.85510734e-10  1.08121291e-07  3.85580989e-09  1.06555529e-04  3.56062600e-06 -1.63420784e-06 -1.19313810e-06 -1.63411396e-09 -1.19312249e-09 -1.63427938e-10 -1.19326327e-10]
Sample_108: [ 1.10071574e-08  8.41329451e-10  1.10072120e-07  8.41377790e-09  1.08575595e-04  8.14750866e-06 -3.64456573e-07 -5.31523839e-07 -3.64363872e-10 -5.31477529e-10 -3.64566155e-11 -5.31741318e-11]
Sample_109: [1.56245741e-08 2.80874213e-09 1.56246358e-07 2.80880137e-08 1.54426986e-04 2.77967071e-05 2.02359053e-06 7.16366690e-07 2.02356976e-09 7.16358084e-10 2.02375894e-10 7.16560145e-11]
Sample_110: [1.23180817e-08 2.13214291e-09 1.23181278e-07 2.13218128e-08 1.21741979e-04 2.10944311e-05 1.57919126e-06 3.78802449e-07 1.57915969e-09 3.78773901e-10 1.57930558e-10 3.78879150e-11]
Sample_111: [1.17307088e-08 1.62316449e-09 1.17307555e-07 1.62320080e-08 1.15859197e-04 1.59938716e-05 1.00753134e-06 1.33859109e-07 1.00756425e-09 1.33880240e-10 1.00751629e-10 1.33750788e-11]
Sample_112: [1.30182265e-08 2.07576401e-09 1.30182809e-07 2.07580477e-08 1.28623239e-04 2.05034400e-05 1.67621027e-06 6.03329013e-07 1.67621428e-09 6.03344930e-10 1.67628578e-10 6.03370687e-11]
Sample_113: [1.25838733e-08 2.22265095e-09 1.25839054e-07 2.22267409e-08 1.24386865e-04 2.20093138e-05 1.93839815e-06 4.41736567e-07 1.93843208e-09 4.41769288e-10 1.93833838e-10 4.41524595e-11]
Sample_114: [1.53279136e-08 3.40734330e-09 1.53279475e-07 3.40736332e-08 1.51642174e-04 3.38449901e-05 3.74719978e-06 1.45020266e-06 3.74719056e-09 1.45023904e-09 3.74724252e-10 1.45013779e-10]
Sample_115: [1.44427696e-08 2.90566815e-09 1.44428145e-07 2.90570359e-08 1.42818875e-04 2.88157446e-05 2.70800931e-06 9.70164630e-07 2.70797917e-09 9.70161285e-10 2.70812706e-10 9.70241665e-11]
Sample_116: [ 1.09248512e-08  1.13001852e-09  1.09248983e-07  1.13007106e-08  1.07822005e-04  1.10562569e-05 -4.42585366e-07 -8.13935298e-07 -4.42549775e-10 -8.13958234e-10 -4.42603731e-11 -8.14039947e-11]
Sample_117: [ 1.33571416e-08  1.30715483e-09  1.33572133e-07  1.30724436e-08  1.31792516e-04  1.27528661e-05 -1.14700463e-06 -1.07338020e-06 -1.14697585e-09 -1.07342668e-09 -1.14690923e-10 -1.07325260e-10]
Sample_118: [1.43483199e-08 1.41316114e-09 1.43483986e-07 1.41322389e-08 1.41580730e-04 1.37901678e-05 5.44736621e-07 3.29242351e-07 5.44860601e-10 3.29356098e-10 5.44662093e-11 3.29136718e-11]
Sample_119: [ 9.08110187e-09  6.21114271e-10  9.08114084e-08  6.21144203e-09  8.95740359e-05  5.99659041e-06 -3.04260976e-07 -6.33304283e-07 -3.04180903e-10 -6.33271657e-10 -3.04409831e-11 -6.33619823e-11]
Sample_120: [1.43631458e-08 2.53246801e-09 1.43632020e-07 2.53251295e-08 1.41955786e-04 2.50574818e-05 2.15321909e-06 8.38984757e-07 2.15321094e-09 8.38997760e-10 2.15333085e-10 8.39084358e-11]
Sample_121: [1.25273185e-08 2.32299424e-09 1.25273468e-07 2.32302224e-08 1.23849135e-04 2.30217732e-05 1.69286037e-06 1.52476832e-07 1.69286718e-09 1.52468482e-10 1.69284364e-10 1.52315938e-11]
Sample_122: [ 1.21854242e-08  6.46912302e-10  1.21855007e-07  6.46983644e-09  1.20128433e-04  6.14495866e-06 -9.68137738e-07 -6.13289257e-07 -9.68025660e-10 -6.13229023e-10 -9.68207736e-11 -6.13384898e-11]
Sample_123: [1.10578298e-08 1.67005498e-09 1.10578735e-07 1.67008232e-08 1.09244536e-04 1.64851797e-05 1.40419672e-06 3.77473079e-07 1.40420098e-09 3.77481824e-10 1.40422118e-10 3.77415876e-11]
Sample_124: [ 1.29429871e-08  1.90450322e-09  1.29430381e-07  1.90455838e-08  1.27846196e-04  1.87856225e-05  6.03474551e-07 -2.22957278e-07  6.03480821e-10 -2.22982965e-10  6.03539441e-11 -2.22937224e-11]
Sample_125: [ 1.07679645e-08  6.66923405e-10  1.07680265e-07  6.66992195e-09  1.06177341e-04  6.39326993e-06 -1.32828032e-06 -1.12438013e-06 -1.32823308e-09 -1.12440524e-09 -1.32827083e-10 -1.12440279e-10]
Sample_126: [1.10504252e-08 1.76533388e-09 1.10504660e-07 1.76536132e-08 1.09191007e-04 1.74451135e-05 1.43308717e-06 3.22411664e-07 1.43307810e-09 3.22404548e-10 1.43312917e-10 3.22371019e-11]
Sample_127: [ 1.10059892e-08  1.68207559e-09  1.10060268e-07  1.68211185e-08  1.08735836e-04  1.66111255e-05  7.73298220e-07 -2.07766615e-07  7.73288766e-10 -2.07802442e-10  7.73334730e-11 -2.07820428e-11]
Sample_128: [1.31049172e-08 1.98901384e-09 1.31049642e-07 1.98905576e-08 1.29462875e-04 1.96351371e-05 1.23639357e-06 1.90634054e-07 1.23643451e-09 1.90661265e-10 1.23637101e-10 1.90518712e-11]
Sample_129: [ 9.41210310e-09  2.08007167e-10  9.41216531e-08  2.08071138e-09  9.27359929e-05  1.81564940e-06 -1.69566108e-06 -1.24306477e-06 -1.69560543e-09 -1.24308364e-09 -1.69567915e-10 -1.24312338e-10]
Sample_130: [ 1.15468861e-08  8.79296636e-10  1.15469550e-07  8.79354056e-09  1.13890917e-04  8.50360878e-06 -2.39263219e-07 -2.45599797e-07 -2.39192666e-10 -2.45558462e-10 -2.39279707e-11 -2.45645726e-11]
Sample_131: [ 1.19364738e-08  9.39412992e-10  1.19365489e-07  9.39498124e-09  1.17729135e-04  9.09070589e-06 -1.29382483e-06 -1.01331209e-06 -1.29381794e-09 -1.01337028e-09 -1.29368516e-10 -1.01310960e-10]
Sample_132: [1.38136511e-08 2.30647457e-09 1.38136985e-07 2.30651325e-08 1.36505420e-04 2.28077768e-05 1.83303071e-06 5.46084385e-07 1.83306481e-09 5.46121370e-10 1.83302706e-10 5.45994361e-11]
Sample_133: [ 8.89459661e-09  5.39135403e-10  8.89463909e-08  5.39181366e-09  8.77152560e-05  5.17333865e-06 -1.07439411e-06 -1.16399478e-06 -1.07435549e-09 -1.16402754e-09 -1.07444498e-10 -1.16415766e-10]
Sample_134: [ 8.22575652e-09 -2.31638708e-10  8.22579589e-08 -2.31577046e-09  8.09756596e-05 -2.55513058e-06 -2.99452238e-06 -2.41423326e-06 -2.99440717e-09 -2.41425790e-09 -2.99473113e-10 -2.41462628e-10]
Sample_135: [1.42998449e-08 2.14756701e-09 1.42999206e-07 2.14761440e-08 1.41250494e-04 2.11759572e-05 2.20174132e-06 1.29291652e-06 2.20175922e-09 1.29298128e-09 2.20186092e-10 1.29307676e-10]
Sample_136: [1.50946113e-08 2.95880120e-09 1.50946534e-07 2.95884859e-08 1.49246708e-04 2.93342118e-05 2.09339221e-06 4.37418977e-07 2.09337392e-09 4.37395897e-10 2.09348983e-10 4.37458958e-11]
Sample_137: [ 1.09112184e-08  1.13476273e-09  1.09112628e-07  1.13481855e-08  1.07688706e-04  1.11060984e-05 -6.89427555e-07 -1.04800557e-06 -6.89395208e-10 -1.04804454e-09 -6.89446278e-11 -1.04811715e-10]
Sample_138: [ 1.10231597e-08  1.77482273e-09  1.10231949e-07  1.77485628e-08  1.08924408e-04  1.75447965e-05  9.39402794e-07 -1.45728870e-07  9.39386791e-10 -1.45767842e-10  9.39446299e-11 -1.45781165e-11]
Sample_139: [1.29889370e-08 2.16661844e-09 1.29889933e-07 2.16665796e-08 1.28352108e-04 2.14162163e-05 1.92435687e-06 7.82209812e-07 1.92434069e-09 7.82216514e-10 1.92447391e-10 7.82316434e-11]
Sample_140: [1.51245674e-08 2.94235569e-09 1.51246200e-07 2.94239322e-08 1.49537806e-04 2.91611085e-05 2.94354685e-06 1.25660089e-06 2.94353564e-09 1.25662947e-09 2.94365865e-10 1.25668365e-10]
Sample_141: [1.44250896e-08 3.07314396e-09 1.44251459e-07 3.07316754e-08 1.42676512e-04 3.04917726e-05 3.94482908e-06 2.03013703e-06 3.94476896e-09 2.03016315e-09 3.94503541e-10 2.03036699e-10]
Sample_142: [ 1.18088188e-08  1.81750748e-09  1.18088519e-07  1.81754132e-08  1.16671546e-04  1.79555286e-05  9.01228204e-07 -2.09949828e-07  9.01261954e-10 -2.09948725e-10  9.01170250e-11 -2.10151896e-11]
Sample_143: [1.43616314e-08 2.35361064e-09 1.43616860e-07 2.35366282e-08 1.41905045e-04 2.32608759e-05 1.49212573e-06 3.63995946e-07 1.49214063e-09 3.64005270e-10 1.49218859e-10 3.64024366e-11]
Sample_144: [1.57779230e-08 3.17434612e-09 1.57779750e-07 3.17438831e-08 1.56016379e-04 3.14761815e-05 2.99002311e-06 1.19884404e-06 2.99000069e-09 1.19885657e-09 2.99015923e-10 1.19896093e-10]
Sample_145: [1.44653209e-08 2.98450198e-09 1.44653736e-07 2.98452725e-08 1.43056445e-04 2.96025750e-05 3.58705441e-06 1.73428512e-06 3.58701779e-09 1.73431713e-09 3.58720609e-10 1.73442594e-10]
Sample_146: [1.18094858e-08 1.89191685e-09 1.18095309e-07 1.89193914e-08 1.16691513e-04 1.86952016e-05 1.99952944e-06 7.88112878e-07 1.99955008e-09 7.88156207e-10 1.99952721e-10 7.88020760e-11]
Sample_147: [1.23610036e-08 2.03654404e-09 1.23610510e-07 2.03658062e-08 1.22146410e-04 2.01318132e-05 1.57788685e-06 4.33991918e-07 1.57787872e-09 4.33988401e-10 1.57795776e-10 4.34010605e-11]
Sample_148: [1.44092760e-08 2.82462187e-09 1.44093154e-07 2.82466703e-08 1.42472505e-04 2.80053353e-05 1.93859229e-06 3.23015244e-07 1.93856486e-09 3.22979865e-10 1.93869365e-10 3.23057137e-11]
Sample_149: [ 1.10154175e-08  1.50543067e-09  1.10154508e-07  1.50547463e-08  1.08793896e-04  1.48380984e-05  2.57678545e-09 -7.99726532e-07  2.59370303e-12 -7.99769362e-10  2.55351296e-13 -7.99877942e-11]
