

========================================
   RELATÓRIO FINAL (Melhor Execução)
========================================
Menor custo J: 0.64
Quantization Error (QE): 0.0017
Topographic Error (TE): 0.1000
RMSE Global (Root Mean Squared Error): 0.0415

--- Afiliação dos Neurônios ---
 Neurônio 0 (Pos 0,0) - 14 elementos: [35, 40, 45, 64, 100, 109, 110, 120, 126, 132, 135, 139, 146, 147]
 Neurônio 1 (Pos 0,1) - 16 elementos: [16, 23, 31, 41, 43, 98, 113, 114, 115, 121, 136, 140, 141, 144, 145, 148]
 Neurônio 2 (Pos 1,0) - 14 elementos: [14, 17, 21, 22, 26, 36, 59, 61, 68, 112, 123, 128, 138, 143]
 Neurônio 3 (Pos 1,1) - 0 elementos: []
 Neurônio 4 (Pos 2,0) - 17 elementos: [1, 15, 53, 54, 70, 71, 77, 89, 93, 101, 102, 104, 106, 111, 124, 127, 142]
 Neurônio 5 (Pos 2,1) - 1 elementos: [6]
 Neurônio 6 (Pos 3,0) - 0 elementos: []
 Neurônio 7 (Pos 3,1) - 24 elementos: [2, 5, 13, 19, 28, 38, 49, 51, 56, 57, 60, 65, 74, 75, 78, 79, 82, 85, 86, 87, 92, 99, 118, 149]
 Neurônio 8 (Pos 4,0) - 0 elementos: []
 Neurônio 9 (Pos 4,1) - 18 elementos: [0, 4, 8, 18, 42, 47, 50, 52, 66, 72, 80, 84, 88, 94, 96, 97, 116, 137]
 Neurônio 10 (Pos 5,0) - 25 elementos: [9, 11, 12, 20, 24, 29, 30, 32, 34, 37, 46, 55, 58, 62, 67, 73, 90, 95, 107, 122, 125, 129, 131, 133, 134]
 Neurônio 11 (Pos 5,1) - 21 elementos: [3, 7, 10, 25, 27, 33, 39, 44, 48, 63, 69, 76, 81, 83, 91, 103, 105, 108, 117, 119, 130]

--- Visualização Topológica do Mapa (Linha, Coluna) ---
  10    11  
  8     9   
  6     7   
  4     5   
  2     3   
  0     1   

--- Matriz de Coeficientes Beta (W_equivalente) ---
 Beta_0: [-0.24463099 -0.14271439  0.16927233  0.51876176]
 Beta_1: [-0.49538653 -0.00405328  0.07094114  0.48541033]
 Beta_2: [-0.43645729 -0.11596123  0.18068125  0.50045677]
 Beta_3: [-0.45756667 -0.10445001  0.17600426  0.51844238]
 Beta_4: [-0.21747925 -0.18670798  0.20555249  0.51562494]
 Beta_5: [-0.22160263 -0.20000957  0.21045226  0.52228761]
 Beta_6: [-0.20670143 -0.20059935  0.20687785  0.5203172 ]
 Beta_7: [-0.29512188 -0.14304682  0.16644041  0.477844  ]
 Beta_8: [-0.23640809 -0.11332651  0.09977614  0.43035084]
 Beta_9: [-0.20211519 -0.12542172  0.11466123  0.45079872]
 Beta_10: [-0.56849511 -0.00184513  0.04958135  0.36649865]
 Beta_11: [-0.29372248 -0.09031145  0.09016052  0.42512434]

--- Vetor Alvo (y) ---
Shape: (150,)
[0.2 0.2 0.2 0.2 0.2 0.4 0.3 0.2 0.2 0.1 0.2 0.2 0.1 0.1 0.2 0.4 0.4 0.3 0.3 0.3 0.2 0.4 0.2 0.5 0.2 0.2 0.4 0.2 0.2 0.2 0.2 0.4 0.1 0.2 0.1 0.2 0.2 0.1 0.2 0.2 0.3 0.3 0.2 0.6 0.4 0.3 0.2 0.2 0.2
 0.2 1.4 1.5 1.5 1.3 1.5 1.3 1.6 1.  1.3 1.4 1.  1.5 1.  1.4 1.3 1.4 1.5 1.  1.5 1.1 1.8 1.3 1.5 1.2 1.3 1.4 1.4 1.7 1.5 1.  1.1 1.  1.2 1.6 1.5 1.6 1.5 1.3 1.3 1.3 1.2 1.4 1.2 1.  1.3 1.2 1.3 1.3
 1.1 1.3 2.5 1.9 2.1 1.8 2.2 2.1 1.7 1.8 1.8 2.5 2.  1.9 2.1 2.  2.4 2.3 1.8 2.2 2.3 1.5 2.3 2.  2.  1.8 2.1 1.8 1.8 1.8 2.1 1.6 1.9 2.  2.2 1.5 1.4 2.3 2.4 1.8 1.8 2.1 2.4 2.3 1.9 2.3 2.5 2.3 1.9
 2.  2.3 1.8]


--- Matriz de Confusão ---
             Iris-setosa  Iris-versicolor  Iris-virginica
Neurônio 0             3                1              10
Neurônio 1             5                1              10
Neurônio 2             6                3               5
Neurônio 3             0                0               0
Neurônio 4             2                7               8
Neurônio 5             1                0               0
Neurônio 6             0                0               0
Neurônio 7             7               15               2
Neurônio 8             0                0               0
Neurônio 9             6               10               2
Neurônio 10           11                7               7
Neurônio 11            9                6               6

--- Métricas de Validação de Clustering ---
Adjusted Rand Index (ARI): 0.0382
Normalized Mutual Information (NMI): 0.0942

--- Matriz Mu (Estimativas) ---
Shape: (150, 12)
Sample_0: [0.34624525 0.41181023 0.30516429 0.35157253 0.27161869 0.22613414 0.22275844 0.22686235 0.13733435 0.19066655 0.10872759 0.15642506]
Sample_1: [0.29015197 0.37715031 0.23801591 0.2844604  0.20618403 0.16090993 0.15943939 0.17225151 0.11011158 0.15842028 0.08430593 0.12940708]
Sample_2: [0.30067313 0.34360817 0.24729873 0.28870701 0.23307364 0.19077353 0.18890311 0.18636456 0.10969703 0.161357   0.05794137 0.12298904]
Sample_3: [0.40176969 0.43400144 0.34091808 0.38524006 0.33431417 0.29418678 0.2923387  0.279594   0.19712223 0.25259279 0.12646747 0.208029  ]
Sample_4: [0.37744393 0.41930967 0.33482853 0.37961795 0.31084473 0.26718032 0.26350616 0.25781107 0.15864461 0.21467485 0.11387023 0.17447225]
Sample_5: [0.5267684  0.5845938  0.49278545 0.54617194 0.45251477 0.40699846 0.40142494 0.39387767 0.2723521  0.33414414 0.23795618 0.29293313]
Sample_6: [0.40067522 0.40674275 0.34507678 0.3861971  0.34441743 0.3050937  0.30237033 0.28174172 0.18401999 0.24191129 0.10469201 0.19256473]
Sample_7: [0.39546564 0.45366248 0.34873796 0.39626134 0.32129673 0.27731863 0.27416231 0.27230739 0.18172447 0.23682247 0.14060383 0.19895258]
Sample_8: [0.34458193 0.37208284 0.2779284  0.31908498 0.27898278 0.23986948 0.23905128 0.22713088 0.15679722 0.20966501 0.08027036 0.16554676]
Sample_9: [0.35895537 0.43278546 0.30612971 0.35390506 0.27830178 0.23418391 0.23215889 0.23667995 0.16312428 0.21496627 0.12591394 0.18093557]
Sample_10: [0.38916158 0.47332351 0.35655784 0.40728261 0.30827928 0.26045048 0.25598593 0.26502078 0.1663267  0.22105215 0.15474018 0.18987616]
Sample_11: [0.47588469 0.50301416 0.42197588 0.46899558 0.41020082 0.36954931 0.3663139  0.34870116 0.24742486 0.30698669 0.17762272 0.25952731]
Sample_12: [0.3044234  0.37755564 0.24961203 0.2949054  0.22485483 0.18091088 0.17949932 0.18655619 0.12144423 0.17096245 0.08449045 0.13843823]
Sample_13: [ 0.22015207  0.23395918  0.15745562  0.19159769  0.16352134  0.12422938  0.12370384  0.1147264   0.04900224  0.0984337  -0.02453658  0.05605665]
Sample_14: [0.227229   0.34736145 0.2142407  0.26277118 0.14057435 0.08689605 0.08171438 0.11438098 0.02182369 0.07004222 0.05892694 0.05326244]
Sample_15: [0.4648379  0.52176633 0.44824635 0.49915059 0.39615363 0.3477642  0.34062062 0.33861502 0.20217205 0.2636885  0.18889359 0.22589509]
Sample_16: [0.31926369 0.39042967 0.29260274 0.33879499 0.24626479 0.19808342 0.19329806 0.20274007 0.10021176 0.15382466 0.09135672 0.1228834 ]
Sample_17: [0.34624525 0.41181023 0.30516429 0.35157253 0.27161869 0.22613414 0.22275844 0.22686235 0.13733435 0.19066655 0.10872759 0.15642506]
Sample_18: [0.46702685 0.57628371 0.43992895 0.49723651 0.37594713 0.32595036 0.32055735 0.33431958 0.22837653 0.2850515  0.23244451 0.25682365]
Sample_19: [0.44890313 0.48163361 0.40941434 0.45621804 0.38484693 0.34149858 0.33685352 0.32457887 0.21030227 0.27014479 0.16025186 0.22598565]
Sample_20: [0.44213223 0.54912323 0.40244482 0.45816981 0.34973852 0.30177233 0.29798601 0.31065746 0.22246403 0.27681353 0.21316551 0.24785287]
Sample_21: [0.4319759  0.47453949 0.39134621 0.43861762 0.36429168 0.32045335 0.31616573 0.30793483 0.20032466 0.25867867 0.15529372 0.2169696 ]
Sample_22: [ 0.22702498  0.22676685  0.18103032  0.214021    0.17927795  0.13826911  0.13561902  0.1238922   0.03183488  0.08452405 -0.03199118  0.0405471 ]
Sample_23: [0.46801932 0.5432451  0.41916507 0.47190439 0.38519567 0.34072997 0.33747803 0.33692747 0.24648437 0.30297392 0.20876091 0.26593025]
Sample_24: [0.63151322 0.64863726 0.57211292 0.62452829 0.5648883  0.52623559 0.52240906 0.49205436 0.37653011 0.4422263  0.28757231 0.38706461]
Sample_25: [0.37963288 0.47382705 0.32651114 0.37770387 0.29063823 0.24536649 0.24344289 0.25351563 0.1848491  0.23603785 0.15742115 0.20540081]
Sample_26: [0.44734181 0.50220351 0.39878364 0.44810558 0.37285922 0.32954739 0.32619403 0.32009179 0.22475955 0.28190234 0.17725369 0.24146502]
Sample_27: [0.38384999 0.45994594 0.34361384 0.39297176 0.30451038 0.25836195 0.25473023 0.26034207 0.16903678 0.22320425 0.14519294 0.18990635]
Sample_28: [0.31504658 0.40431079 0.27550004 0.3235271  0.23239264 0.18508796 0.18201072 0.19591363 0.11602408 0.16665825 0.10358494 0.13837786]
Sample_29: [0.45630166 0.48923126 0.39743576 0.44423973 0.38776112 0.34745981 0.34499827 0.32971776 0.23880228 0.29659661 0.16789096 0.25052635]
Sample_30: [0.42510299 0.48173182 0.36777151 0.4161943  0.34853507 0.30641363 0.30425055 0.29876903 0.21749201 0.27258832 0.16274831 0.23247915]
Sample_31: [0.33837988 0.45204117 0.30235347 0.35448134 0.24661353 0.19731481 0.19392257 0.21508866 0.13639386 0.18665378 0.13986578 0.162828  ]
Sample_32: [0.48541339 0.50251062 0.45202259 0.49857432 0.42784188 0.3846333  0.37885694 0.36020631 0.22890246 0.29200099 0.17494175 0.24400266]
Sample_33: [0.40765013 0.45984772 0.38525667 0.4329955  0.34082224 0.2934469  0.2873332  0.28615191 0.16184704 0.22076073 0.14269648 0.18341284]
Sample_34: [0.35895537 0.43278546 0.30612971 0.35390506 0.27830178 0.23418391 0.23215889 0.23667995 0.16312428 0.21496627 0.12591394 0.18093557]
Sample_35: [0.20598264 0.29385115 0.16246468 0.20552777 0.12549875 0.0785419  0.07669158 0.09566611 0.03266399 0.07865061 0.02073796 0.05338318]
Sample_36: [0.23728332 0.36164789 0.20873412 0.25794829 0.145373   0.09390156 0.09048698 0.12185922 0.04896866 0.09541799 0.07133967 0.07778804]
Sample_37: [0.35895537 0.43278546 0.30612971 0.35390506 0.27830178 0.23418391 0.23215889 0.23667995 0.16312428 0.21496627 0.12591394 0.18093557]
Sample_38: [0.30963298 0.33063592 0.24595085 0.28484116 0.24797553 0.20868595 0.20770734 0.19599052 0.12373975 0.17605127 0.04857863 0.13205037]
Sample_39: [0.3811942  0.45325715 0.33714184 0.38581634 0.30262593 0.25731768 0.25410238 0.25800271 0.17039182 0.2242803  0.14041932 0.18992144]
Sample_40: [0.30864052 0.36367453 0.26671473 0.31017329 0.23872699 0.19390634 0.19078666 0.19338263 0.10563191 0.15812885 0.07226223 0.12294377]
Sample_41: [0.17687091 0.28057179 0.10787785 0.15119318 0.08541799 0.04136841 0.04283291 0.06517755 0.04256381 0.08324623 0.01368717 0.05990686]
Sample_42: [0.34348745 0.34482415 0.2820871  0.32004202 0.28908603 0.2507764  0.24908291 0.2292786  0.14369498 0.19898351 0.0584949  0.15008248]
Sample_43: [0.46426904 0.50929762 0.41685176 0.465706   0.39341447 0.35059262 0.34688182 0.33673583 0.23473717 0.29336847 0.18221183 0.25048107]
Sample_44: [0.65640783 0.67579774 0.60959705 0.66359499 0.59109691 0.55041362 0.54498039 0.51571647 0.38244261 0.45046428 0.30685132 0.39603538]
Sample_45: [0.3044234  0.37755564 0.24961203 0.2949054  0.22485483 0.18091088 0.17949932 0.18655619 0.12144423 0.17096245 0.08449045 0.13843823]
Sample_46: [0.50077931 0.53017464 0.45946002 0.50806228 0.43640942 0.39372734 0.38888524 0.37236327 0.25333736 0.31522466 0.19690172 0.26849808]
Sample_47: [0.36682075 0.39255453 0.30894053 0.35099625 0.30330693 0.26300325 0.26099476 0.24845364 0.16406476 0.21897904 0.09477574 0.17453262]
Sample_48: [0.40343302 0.47372884 0.36815397 0.41772761 0.32695008 0.28045144 0.27604586 0.27932547 0.17765936 0.23359432 0.1549247  0.19890731]
Sample_49: [0.32666223 0.39802733 0.28062416 0.32681668 0.24917898 0.20404465 0.20144281 0.20787895 0.12871177 0.18027648 0.09899583 0.1474241 ]
Sample_50: [1.73622002 1.98468074 1.68214092 1.81117608 1.55677008 1.50652939 1.49660307 1.48202646 1.3122389  1.40560268 1.29979299 1.36069548]
Sample_51: [1.7180963  1.89003064 1.6516263  1.77015761 1.56566988 1.52207761 1.51289924 1.47228576 1.29416464 1.39069596 1.22760034 1.32985748]
Sample_52: [1.83731658 2.07507402 1.77576027 1.90770913 1.65801062 1.60994264 1.60003866 1.57525591 1.39966411 1.49683847 1.3683191  1.44573544]
Sample_53: [1.43481327 1.58712639 1.3431499  1.44653759 1.29089735 1.25153538 1.24708999 1.21230953 1.09118456 1.17498105 1.00138841 1.11743114]
Sample_54: [1.6879921  1.90978989 1.61780335 1.74115514 1.51634058 1.47012451 1.46211988 1.43918931 1.28595662 1.37736917 1.24423315 1.32727456]
Sample_55: [1.75028744 1.86449148 1.66052666 1.77287091 1.61414447 1.5779034  1.57056764 1.50584237 1.33358275 1.43262668 1.20905938 1.35701128]
Sample_56: [1.85304732 1.99461215 1.7813819  1.90189151 1.70802092 1.66758131 1.6577104  1.59880328 1.40154507 1.504864   1.30604271 1.43292954]
Sample_57: [1.17423591 1.25686525 1.08047502 1.16389836 1.06253993 1.02698502 1.02391535 0.98029087 0.86791249 0.9461411  0.75090456 0.88304702]
Sample_58: [1.6906479  1.91647867 1.62427536 1.74831057 1.51822503 1.47116878 1.46274773 1.44152867 1.28460158 1.37629312 1.24900677 1.32725946]
Sample_59: [1.49346035 1.5681778  1.40016509 1.49643006 1.37756825 1.3434904  1.33798922 1.27401534 1.12205788 1.21339218 0.98512462 1.13807635]
Sample_60: [1.19600789 1.32516553 1.09669775 1.18674013 1.06477312 1.02726069 1.02516771 0.99497882 0.90273956 0.97789418 0.80418724 0.92297653]
Sample_61: [1.5999705  1.73224595 1.52333363 1.63164905 1.46322589 1.42330566 1.41572818 1.36716789 1.20176742 1.29523496 1.10865703 1.22944379]
Sample_62: [1.34652884 1.57800564 1.26710116 1.37671216 1.17698811 1.13048538 1.12610253 1.12414208 1.02454369 1.10080406 0.99550771 1.06325936]
Sample_63: [1.81388127 1.96704634 1.73230165 1.85237981 1.66314152 1.62340232 1.61507913 1.56083648 1.38429992 1.48408385 1.2865792  1.41492762]
Sample_64: [1.31460053 1.43512162 1.23977982 1.3343182  1.18930807 1.14889074 1.14302989 1.10673149 0.96757726 1.05091613 0.88435325 0.99244657]
Sample_65: [1.60647857 1.83317951 1.54872413 1.66937794 1.43753974 1.38880075 1.37999993 1.36494327 1.20715399 1.29652345 1.1854388  1.25123556]
Sample_66: [1.79841335 1.87908503 1.70825903 1.81851676 1.67392577 1.63999481 1.63200315 1.55343513 1.36487062 1.46810109 1.21916017 1.38407453]
Sample_67: [1.51158406 1.6628279  1.4306797  1.53744853 1.36866845 1.32794218 1.32169304 1.28375605 1.14013214 1.22829889 1.05731728 1.16891435]
Sample_68: [1.57736684 1.81990015 1.4941373  1.61504335 1.39745899 1.35162727 1.34614126 1.33445472 1.21705381 1.30111908 1.17838801 1.25775924]
Sample_69: [1.40252012 1.55236826 1.31764435 1.41944921 1.26177456 1.22139612 1.21637391 1.18350853 1.05677205 1.14029125 0.9744703  1.08391966]
Sample_70: [1.94508202 2.03768038 1.85974394 1.97791532 1.81371136 1.77876868 1.76929407 1.68716237 1.47993315 1.58864644 1.3384725  1.5025505 ]
Sample_71: [1.4338208  1.620165   1.36391378 1.47186972 1.28164881 1.23675577 1.23016931 1.20970164 1.07307672 1.15705863 1.02507201 1.10832453]
Sample_72: [1.82138181 2.0349413  1.73692826 1.86477658 1.64670391 1.60367703 1.59627156 1.56121975 1.40779433 1.50329476 1.33967736 1.44582599]
Sample_73: [1.79695404 1.95995223 1.71423352 1.83477938 1.64258627 1.6023571  1.59439134 1.54419244 1.37432231 1.47261773 1.28162106 1.40591157]
Sample_74: [1.56356225 1.77166623 1.49733057 1.61366785 1.40087915 1.35448441 1.34677244 1.32678484 1.17816163 1.26613785 1.1394262  1.21778445]
Sample_75: [1.60382278 1.82649072 1.54225213 1.66222252 1.43565529 1.38775649 1.37937208 1.36260391 1.20850903 1.2975995  1.18066517 1.25125065]
Sample_76: [1.74893014 2.00565597 1.68310634 1.81350861 1.56345318 1.51457916 1.50600352 1.49184407 1.33802883 1.4299024  1.31697934 1.38520599]
Sample_77: [1.9008084  2.11733159 1.83093007 1.96284294 1.72635946 1.68112809 1.67150246 1.63500563 1.45538688 1.55553656 1.40037985 1.49729411]
Sample_78: [1.72440036 1.87036961 1.64380642 1.75913633 1.57868733 1.53894576 1.53107562 1.47957236 1.30956241 1.40646628 1.21346398 1.3389339 ]
Sample_79: [1.19767121 1.36489292 1.12393364 1.21922768 1.05740903 1.01352534 1.00887488 0.99471029 0.88327668 0.95889571 0.83264446 0.91385483]
Sample_80: [1.34798815 1.49713844 1.26112667 1.36044954 1.20832761 1.16812309 1.16371434 1.13338477 1.01509201 1.09628743 0.93304681 1.04142232]
Sample_81: [1.29611198 1.44859741 1.21108099 1.3086053  1.15676512 1.11589433 1.11168262 1.08560037 0.97205692 1.05120755 0.89639695 0.99890989]
Sample_82: [1.40783171 1.56574584 1.33058835 1.43376006 1.26554346 1.22348466 1.21762961 1.18818725 1.05406198 1.13813915 0.98401755 1.08388948]
Sample_83: [2.00180294 2.14742757 1.90794423 2.03500091 1.8469518  1.81022787 1.80189037 1.73299068 1.54781768 1.65401327 1.4234469  1.5759764 ]
Sample_84: [1.82695622 1.87989569 1.73145128 1.83940676 1.71126737 1.67999672 1.67212302 1.5820445  1.38753593 1.49318544 1.21952919 1.40213682]
Sample_85: [1.80903652 1.90584018 1.73414704 1.84713846 1.68146358 1.64417189 1.63451455 1.56279257 1.35945047 1.4637969  1.23825466 1.38401416]
Sample_86: [1.7621071  1.97880261 1.69886116 1.82491065 1.59222723 1.54548704 1.53609509 1.50829647 1.33625924 1.43176307 1.29538839 1.37877286]
Sample_87: [1.52814646 1.77804791 1.45056362 1.57035454 1.34778094 1.30044277 1.29473739 1.28900967 1.17266369 1.25496316 1.14651177 1.21523172]
Sample_88: [1.59090864 1.6849209  1.50807632 1.61113981 1.46767579 1.43107977 1.42387627 1.36229753 1.19273029 1.28778161 1.07256071 1.21402479]
Sample_89: [1.46866774 1.60131462 1.37928615 1.48173844 1.33200785 1.29362584 1.28846556 1.24559761 1.11113979 1.19791329 1.01130468 1.13546324]
Sample_90: [1.69309967 1.80257287 1.59753698 1.70671582 1.55881308 1.5235861  1.51728022 1.45337925 1.29325774 1.3896989  1.16286227 1.31452903]
Sample_91: [1.77893233 1.92559943 1.70032409 1.81813599 1.63213427 1.59221879 1.58373519 1.52969612 1.35124245 1.45047011 1.25488747 1.38143124]
Sample_92: [1.44278065 1.60719276 1.3625659  1.46800387 1.29655071 1.25466819 1.24897354 1.21932761 1.08711945 1.1717529  1.01570928 1.11738586]
Sample_93: [1.14303723 1.2493658  1.05081077 1.13585293 1.02331388 0.98593884 0.98316763 0.94934214 0.84660223 0.9221328  0.74576191 0.86499982]
Sample_94: [1.59200312 1.71217959 1.50391763 1.61018277 1.45757254 1.42017285 1.41384463 1.36014981 1.20583253 1.29846311 1.09433617 1.22948907]
Sample_95: [1.62851338 1.73305661 1.54652588 1.65253905 1.50056749 1.46330757 1.45584805 1.39577725 1.22443272 1.32031931 1.10902606 1.24750608]
Sample_96: [1.61158615 1.72596249 1.52845775 1.63493862 1.48001224 1.44226235 1.43516027 1.37913321 1.21445511 1.30885318 1.10406792 1.23849003]
Sample_97: [1.59210513 1.77247689 1.52052282 1.63455786 1.43822074 1.39448632 1.38689231 1.3553942  1.20082693 1.2912222  1.13979523 1.23584674]
Sample_98: [1.00699174 1.11752561 0.92521387 1.00507607 0.8910661  0.85134205 0.8483881  0.82497234 0.72611955 0.79728326 0.64554408 0.74646348]
Sample_99: [1.54278274 1.67032734 1.46034395 1.56549396 1.4078945  1.36898836 1.36244076 1.31470477 1.16144241 1.25230719 1.06245992 1.18696154]
Sample_100: [2.52743761 2.62564557 2.4319757  2.5758666  2.37833335 2.3465552  2.33412275 2.22000048 1.96100116 2.09090234 1.78249096 1.98559118]
Sample_101: [2.03034582 2.14823823 1.93113647 2.05589091 1.88429339 1.85022978 1.84201024 1.76160005 1.57048298 1.67909761 1.42381593 1.59403869]
Sample_102: [2.31060822 2.55257958 2.23495667 2.38766108 2.11573872 2.07118311 2.0595482  2.0078465  1.79737203 1.91108672 1.72949059 1.84378144]
Sample_103: [2.25222397 2.40310498 2.15952049 2.29808794 2.08986237 2.05345926 2.04324473 1.96228672 1.74895037 1.86471836 1.61605896 1.77947724]
Sample_104: [2.34436068 2.50647051 2.25448773 2.39848684 2.17620101 2.13896009 2.12787609 2.04589019 1.82233285 1.94125988 1.6939478  1.85545587]
Sample_105: [2.60238426 2.89034017 2.52729579 2.69834574 2.38332219 2.33677965 2.32347056 2.27081389 2.04195436 2.16393496 1.98511708 2.09621275]
Sample_106: [1.81367725 1.84645175 1.69909127 1.80362963 1.70184511 1.67477538 1.66898377 1.57034771 1.39431111 1.49856568 1.19566108 1.40221228]
Sample_107: [2.47264282 2.73883894 2.393879   2.5565476  2.26409185 2.21905102 2.20686742 2.15373069 1.93686945 2.05485574 1.87076289 1.98675283]
Sample_108: [2.23118164 2.47018928 2.14095486 2.28959471 2.03608317 1.99373205 1.98431729 1.93406063 1.74977948 1.85884492 1.6687881  1.79231332]
Sample_109: [2.50165254 2.691821   2.43186065 2.58650711 2.3235244  2.28191103 2.26767841 2.18897486 1.93197523 2.05750103 1.83235462 1.97387147]
Sample_110: [2.01508192 2.18087151 1.94030424 2.07077803 1.85637405 1.81544922 1.80502962 1.74468748 1.54104249 1.64863302 1.44731501 1.57590094]
Sample_111: [2.04846954 2.24288833 1.96165109 2.09690938 1.87539359 1.83468157 1.82571407 1.77134075 1.58855724 1.69400432 1.49600858 1.62487669]
Sample_112: [2.14591784 2.35963143 2.06956233 2.21161913 1.96550113 1.92227094 1.91160112 1.85962295 1.65922965 1.76839375 1.58344467 1.70082513]
Sample_113: [1.95888662 2.08591429 1.85655067 1.97929082 1.8102912  1.77591153 1.76866289 1.69483225 1.51882532 1.62362766 1.3774343  1.54252529]
Sample_114: [2.04727306 2.15533234 1.9492046  2.07349133 1.90484864 1.87127501 1.86269803 1.77824409 1.5804606  1.69056373 1.42877406 1.60305474]
Sample_115: [2.13310571 2.2783589  2.05199171 2.18491151 1.97816984 1.9399077  1.929153   1.85456096 1.63844531 1.75133494 1.52079926 1.66995695]
Sample_116: [2.18873215 2.36084741 2.1043507  2.24295413 2.02151353 1.98227381 1.97178093 1.90253699 1.6932276  1.80602026 1.5839982  1.72791857]
Sample_117: [2.77540686 2.99522879 2.71029034 2.88054838 2.58065588 2.53736927 2.52094462 2.43744593 2.1534777  2.28820164 2.06124752 2.20182246]
Sample_118: [2.67603242 3.00718148 2.5935642  2.77303175 2.43711787 2.38928408 2.37675464 2.33328624 2.11981651 2.24076791 2.07504962 2.1786547 ]
Sample_119: [1.8652906  2.06341597 1.76755793 1.89515454 1.69261305 1.65277298 1.64641973 1.60198608 1.45489453 1.55160278 1.36200636 1.4883837 ]
Sample_120: [2.26925322 2.47049639 2.19419381 2.34006345 2.09106582 2.04881796 2.0369802  1.97417515 1.75392239 1.86894356 1.66647615 1.79485096]
Sample_121: [1.97206358 2.05906093 1.87230549 1.99069286 1.83906525 1.8068194  1.79875446 1.71128465 1.51705573 1.62548833 1.35584336 1.53609216]
Sample_122: [2.60613453 2.92428764 2.52960909 2.70454412 2.37510338 2.32691701 2.31406677 2.27100553 2.05370157 2.17354041 2.01166616 2.11166194]
Sample_123: [1.85523628 2.04912953 1.77306451 1.89997743 1.68781441 1.64576748 1.63764713 1.59450784 1.42774956 1.52622701 1.34959363 1.4638581 ]
Sample_124: [2.31472333 2.47840116 2.23545418 2.37855388 2.14896267 2.10986509 2.09778785 2.01942855 1.78656531 1.90549403 1.67180332 1.8219293 ]
Sample_125: [2.38206743 2.61490351 2.30954247 2.46426117 2.18974091 2.14550137 2.13289555 2.0746143  1.84902969 1.96655666 1.77587221 1.89529483]
Sample_126: [1.83455877 2.00808794 1.75268308 1.87617862 1.67547797 1.6345849  1.62636313 1.57767216 1.40602474 1.50515543 1.31808642 1.43939286]
Sample_127: [1.93456085 2.07122252 1.85046113 1.97366871 1.78682176 1.74890507 1.73983035 1.67304932 1.4803477  1.58570972 1.36483706 1.50896854]
Sample_128: [2.2210253  2.39560554 2.12985625 2.27004252 2.05063632 2.01241307 2.00249701 1.93133799 1.72764011 1.84071006 1.61091631 1.76143004]
Sample_129: [2.24446061 2.50363321 2.17331487 2.32537184 2.04550542 1.9989534  1.98745654 1.94575742 1.74300429 1.85346467 1.69265621 1.79223786]
Sample_130: [2.33769179 2.63425743 2.2641234  2.4248137  2.12174081 2.07354731 2.06205626 2.02721317 1.82948902 1.9406877  1.79232051 1.88368077]
Sample_131: [2.59123546 2.84879503 2.53696107 2.70412567 2.3886268  2.34068107 2.3247296  2.26548337 2.00170715 2.12787769 1.9509289  2.05622287]
Sample_132: [2.2210253  2.39560554 2.12985625 2.27004252 2.05063632 2.01241307 2.00249701 1.93133799 1.72764011 1.84071006 1.61091631 1.76143004]
Sample_133: [1.97591586 2.15330571 1.89122398 2.02126633 1.81149465 1.77127023 1.76239835 1.70672068 1.52379734 1.62785287 1.4278515  1.55789902]
Sample_134: [2.22998515 2.38263329 2.12850836 2.26617667 2.06553822 2.03032549 2.02130125 1.94096396 1.74168284 1.85540433 1.60155358 1.77049137]
Sample_135: [2.32873194 2.64722968 2.26547128 2.42867955 2.10683892 2.05563489 2.04325203 2.01758721 1.81544629 1.92599343 1.80168324 1.87461944]
Sample_136: [2.33686014 2.43857556 2.24986112 2.38609007 2.19263862 2.15868539 2.14668366 2.04550692 1.79883844 1.92204897 1.64084964 1.8245575 ]
Sample_137: [2.21993083 2.36834685 2.13401494 2.27099956 2.06073958 2.02331999 2.01252865 1.93348572 1.71453787 1.83002856 1.58914085 1.74596577]
Sample_138: [1.89695612 2.02308682 1.81201157 1.93226947 1.75393006 1.71667727 1.70785857 1.63956961 1.44864527 1.55317202 1.32837171 1.47548725]
Sample_139: [2.09669746 2.31777918 2.02598865 2.16693032 1.91582309 1.87108645 1.86019725 1.81417791 1.61483953 1.72223783 1.55156842 1.65829761]
Sample_140: [2.22899268 2.4156719  2.14927225 2.29150879 2.05628968 2.01554588 2.00438056 1.93835607 1.723575   1.83748191 1.62523718 1.76138477]
Sample_141: [1.94106893 2.17215608 1.87585162 2.0113976  1.76113561 1.71440017 1.7041021  1.67082471 1.48573427 1.58699821 1.44161883 1.53076031]
Sample_142: [2.03034582 2.14823823 1.93113647 2.05589091 1.88429339 1.85022978 1.84201024 1.76160005 1.57048298 1.67909761 1.42381593 1.59403869]
Sample_143: [2.38727701 2.56798379 2.30588128 2.45419693 2.21286161 2.17327643 2.16110357 2.08404863 1.85132521 1.97164548 1.7399604  1.88890698]
Sample_144: [2.31472333 2.47840116 2.23545418 2.37855388 2.14896267 2.10986509 2.09778785 2.01942855 1.78656531 1.90549403 1.67180332 1.8219293 ]
Sample_145: [2.00456075 2.21441366 1.93102142 2.06653142 1.82948445 1.78558561 1.7755659  1.73057443 1.54145705 1.6456963  1.47367958 1.58231898]
Sample_146: [1.87325799 2.08348233 1.78697393 1.91662081 1.69826641 1.65590579 1.64830328 1.60900415 1.45082942 1.54837463 1.37632723 1.48833843]
Sample_147: [2.03310363 2.21522431 1.95421366 2.08742142 1.86682605 1.82558753 1.81568577 1.75918379 1.56412235 1.67078065 1.47404861 1.60038127]
Sample_148: [2.24737923 2.34189882 2.16136589 2.2928466  2.10818443 2.07422882 2.06268015 1.9642428  1.72410093 1.8444314  1.56773442 1.74856378]
Sample_149: [2.06685608 2.16911524 1.97374473 2.09824718 1.92728834 1.89336451 1.88401366 1.79722749 1.58908317 1.70095381 1.43850582 1.6120557 ]

--- Matriz de Erros (Epsilon) ---
Shape: (150, 12)
Sample_0: [-0.14624525 -0.21181023 -0.10516429 -0.15157253 -0.07161869 -0.02613414 -0.02275844 -0.02686235  0.06266565  0.00933345  0.09127241  0.04357494]
Sample_1: [-0.09015197 -0.17715031 -0.03801591 -0.0844604  -0.00618403  0.03909007  0.04056061  0.02774849  0.08988842  0.04157972  0.11569407  0.07059292]
Sample_2: [-0.10067313 -0.14360817 -0.04729873 -0.08870701 -0.03307364  0.00922647  0.01109689  0.01363544  0.09030297  0.038643    0.14205863  0.07701096]
Sample_3: [-0.20176969 -0.23400144 -0.14091808 -0.18524006 -0.13431417 -0.09418678 -0.0923387  -0.079594    0.00287777 -0.05259279  0.07353253 -0.008029  ]
Sample_4: [-0.17744393 -0.21930967 -0.13482853 -0.17961795 -0.11084473 -0.06718032 -0.06350616 -0.05781107  0.04135539 -0.01467485  0.08612977  0.02552775]
Sample_5: [-0.1267684  -0.1845938  -0.09278545 -0.14617194 -0.05251477 -0.00699846 -0.00142494  0.00612233  0.1276479   0.06585586  0.16204382  0.10706687]
Sample_6: [-0.10067522 -0.10674275 -0.04507678 -0.0861971  -0.04441743 -0.0050937  -0.00237033  0.01825828  0.11598001  0.05808871  0.19530799  0.10743527]
Sample_7: [-0.19546564 -0.25366248 -0.14873796 -0.19626134 -0.12129673 -0.07731863 -0.07416231 -0.07230739  0.01827553 -0.03682247  0.05939617  0.00104742]
Sample_8: [-0.14458193 -0.17208284 -0.0779284  -0.11908498 -0.07898278 -0.03986948 -0.03905128 -0.02713088  0.04320278 -0.00966501  0.11972964  0.03445324]
Sample_9: [-0.25895537 -0.33278546 -0.20612971 -0.25390506 -0.17830178 -0.13418391 -0.13215889 -0.13667995 -0.06312428 -0.11496627 -0.02591394 -0.08093557]
Sample_10: [-0.18916158 -0.27332351 -0.15655784 -0.20728261 -0.10827928 -0.06045048 -0.05598593 -0.06502078  0.0336733  -0.02105215  0.04525982  0.01012384]
Sample_11: [-0.27588469 -0.30301416 -0.22197588 -0.26899558 -0.21020082 -0.16954931 -0.1663139  -0.14870116 -0.04742486 -0.10698669  0.02237728 -0.05952731]
Sample_12: [-0.2044234  -0.27755564 -0.14961203 -0.1949054  -0.12485483 -0.08091088 -0.07949932 -0.08655619 -0.02144423 -0.07096245  0.01550955 -0.03843823]
Sample_13: [-0.12015207 -0.13395918 -0.05745562 -0.09159769 -0.06352134 -0.02422938 -0.02370384 -0.0147264   0.05099776  0.0015663   0.12453658  0.04394335]
Sample_14: [-0.027229   -0.14736145 -0.0142407  -0.06277118  0.05942565  0.11310395  0.11828562  0.08561902  0.17817631  0.12995778  0.14107306  0.14673756]
Sample_15: [-0.0648379  -0.12176633 -0.04824635 -0.09915059  0.00384637  0.0522358   0.05937938  0.06138498  0.19782795  0.1363115   0.21110641  0.17410491]
Sample_16: [0.08073631 0.00957033 0.10739726 0.06120501 0.15373521 0.20191658 0.20670194 0.19725993 0.29978824 0.24617534 0.30864328 0.2771166 ]
Sample_17: [-0.04624525 -0.11181023 -0.00516429 -0.05157253  0.02838131  0.07386586  0.07724156  0.07313765  0.16266565  0.10933345  0.19127241  0.14357494]
Sample_18: [-0.16702685 -0.27628371 -0.13992895 -0.19723651 -0.07594713 -0.02595036 -0.02055735 -0.03431958  0.07162347  0.0149485   0.06755549  0.04317635]
Sample_19: [-0.14890313 -0.18163361 -0.10941434 -0.15621804 -0.08484693 -0.04149858 -0.03685352 -0.02457887  0.08969773  0.02985521  0.13974814  0.07401435]
Sample_20: [-0.24213223 -0.34912323 -0.20244482 -0.25816981 -0.14973852 -0.10177233 -0.09798601 -0.11065746 -0.02246403 -0.07681353 -0.01316551 -0.04785287]
Sample_21: [-0.0319759  -0.07453949  0.00865379 -0.03861762  0.03570832  0.07954665  0.08383427  0.09206517  0.19967534  0.14132133  0.24470628  0.1830304 ]
Sample_22: [-0.02702498 -0.02676685  0.01896968 -0.014021    0.02072205  0.06173089  0.06438098  0.0761078   0.16816512  0.11547595  0.23199118  0.1594529 ]
Sample_23: [ 0.03198068 -0.0432451   0.08083493  0.02809561  0.11480433  0.15927003  0.16252197  0.16307253  0.25351563  0.19702608  0.29123909  0.23406975]
Sample_24: [-0.43151322 -0.44863726 -0.37211292 -0.42452829 -0.3648883  -0.32623559 -0.32240906 -0.29205436 -0.17653011 -0.2422263  -0.08757231 -0.18706461]
Sample_25: [-0.17963288 -0.27382705 -0.12651114 -0.17770387 -0.09063823 -0.04536649 -0.04344289 -0.05351563  0.0151509  -0.03603785  0.04257885 -0.00540081]
Sample_26: [-0.04734181 -0.10220351  0.00121636 -0.04810558  0.02714078  0.07045261  0.07380597  0.07990821  0.17524045  0.11809766  0.22274631  0.15853498]
Sample_27: [-0.18384999 -0.25994594 -0.14361384 -0.19297176 -0.10451038 -0.05836195 -0.05473023 -0.06034207  0.03096322 -0.02320425  0.05480706  0.01009365]
Sample_28: [-0.11504658 -0.20431079 -0.07550004 -0.1235271  -0.03239264  0.01491204  0.01798928  0.00408637  0.08397592  0.03334175  0.09641506  0.06162214]
Sample_29: [-0.25630166 -0.28923126 -0.19743576 -0.24423973 -0.18776112 -0.14745981 -0.14499827 -0.12971776 -0.03880228 -0.09659661  0.03210904 -0.05052635]
Sample_30: [-0.22510299 -0.28173182 -0.16777151 -0.2161943  -0.14853507 -0.10641363 -0.10425055 -0.09876903 -0.01749201 -0.07258832  0.03725169 -0.03247915]
Sample_31: [ 0.06162012 -0.05204117  0.09764653  0.04551866  0.15338647  0.20268519  0.20607743  0.18491134  0.26360614  0.21334622  0.26013422  0.237172  ]
Sample_32: [-0.38541339 -0.40251062 -0.35202259 -0.39857432 -0.32784188 -0.2846333  -0.27885694 -0.26020631 -0.12890246 -0.19200099 -0.07494175 -0.14400266]
Sample_33: [-0.20765013 -0.25984772 -0.18525667 -0.2329955  -0.14082224 -0.0934469  -0.0873332  -0.08615191  0.03815296 -0.02076073  0.05730352  0.01658716]
Sample_34: [-0.25895537 -0.33278546 -0.20612971 -0.25390506 -0.17830178 -0.13418391 -0.13215889 -0.13667995 -0.06312428 -0.11496627 -0.02591394 -0.08093557]
Sample_35: [-0.00598264 -0.09385115  0.03753532 -0.00552777  0.07450125  0.1214581   0.12330842  0.10433389  0.16733601  0.12134939  0.17926204  0.14661682]
Sample_36: [-0.03728332 -0.16164789 -0.00873412 -0.05794829  0.054627    0.10609844  0.10951302  0.07814078  0.15103134  0.10458201  0.12866033  0.12221196]
Sample_37: [-0.25895537 -0.33278546 -0.20612971 -0.25390506 -0.17830178 -0.13418391 -0.13215889 -0.13667995 -0.06312428 -0.11496627 -0.02591394 -0.08093557]
Sample_38: [-0.10963298 -0.13063592 -0.04595085 -0.08484116 -0.04797553 -0.00868595 -0.00770734  0.00400948  0.07626025  0.02394873  0.15142137  0.06794963]
Sample_39: [-0.1811942  -0.25325715 -0.13714184 -0.18581634 -0.10262593 -0.05731768 -0.05410238 -0.05800271  0.02960818 -0.0242803   0.05958068  0.01007856]
Sample_40: [-0.00864052 -0.06367453  0.03328527 -0.01017329  0.06127301  0.10609366  0.10921334  0.10661737  0.19436809  0.14187115  0.22773777  0.17705623]
Sample_41: [0.12312909 0.01942821 0.19212215 0.14880682 0.21458201 0.25863159 0.25716709 0.23482245 0.25743619 0.21675377 0.28631283 0.24009314]
Sample_42: [-0.14348745 -0.14482415 -0.0820871  -0.12004202 -0.08908603 -0.0507764  -0.04908291 -0.0292786   0.05630502  0.00101649  0.1415051   0.04991752]
Sample_43: [0.13573096 0.09070238 0.18314824 0.134294   0.20658553 0.24940738 0.25311818 0.26326417 0.36526283 0.30663153 0.41778817 0.34951893]
Sample_44: [-0.25640783 -0.27579774 -0.20959705 -0.26359499 -0.19109691 -0.15041362 -0.14498039 -0.11571647  0.01755739 -0.05046428  0.09314868  0.00396462]
Sample_45: [-0.0044234  -0.07755564  0.05038797  0.0050946   0.07514517  0.11908912  0.12050068  0.11344381  0.17855577  0.12903755  0.21550955  0.16156177]
Sample_46: [-0.30077931 -0.33017464 -0.25946002 -0.30806228 -0.23640942 -0.19372734 -0.18888524 -0.17236327 -0.05333736 -0.11522466  0.00309828 -0.06849808]
Sample_47: [-0.16682075 -0.19255453 -0.10894053 -0.15099625 -0.10330693 -0.06300325 -0.06099476 -0.04845364  0.03593524 -0.01897904  0.10522426  0.02546738]
Sample_48: [-0.20343302 -0.27372884 -0.16815397 -0.21772761 -0.12695008 -0.08045144 -0.07604586 -0.07932547  0.02234064 -0.03359432  0.0450753   0.00109269]
Sample_49: [-0.12666223 -0.19802733 -0.08062416 -0.12681668 -0.04917898 -0.00404465 -0.00144281 -0.00787895  0.07128823  0.01972352  0.10100417  0.0525759 ]
Sample_50: [-0.33622002 -0.58468074 -0.28214092 -0.41117608 -0.15677008 -0.10652939 -0.09660307 -0.08202646  0.0877611  -0.00560268  0.10020701  0.03930452]
Sample_51: [-0.2180963  -0.39003064 -0.1516263  -0.27015761 -0.06566988 -0.02207761 -0.01289924  0.02771424  0.20583536  0.10930404  0.27239966  0.17014252]
Sample_52: [-0.33731658 -0.57507402 -0.27576027 -0.40770913 -0.15801062 -0.10994264 -0.10003866 -0.07525591  0.10033589  0.00316153  0.1316809   0.05426456]
Sample_53: [-0.13481327 -0.28712639 -0.0431499  -0.14653759  0.00910265  0.04846462  0.05291001  0.08769047  0.20881544  0.12501895  0.29861159  0.18256886]
Sample_54: [-0.1879921  -0.40978989 -0.11780335 -0.24115514 -0.01634058  0.02987549  0.03788012  0.06081069  0.21404338  0.12263083  0.25576685  0.17272544]
Sample_55: [-0.45028744 -0.56449148 -0.36052666 -0.47287091 -0.31414447 -0.2779034  -0.27056764 -0.20584237 -0.03358275 -0.13262668  0.09094062 -0.05701128]
Sample_56: [-0.25304732 -0.39461215 -0.1813819  -0.30189151 -0.10802092 -0.06758131 -0.0577104   0.00119672  0.19845493  0.095136    0.29395729  0.16707046]
Sample_57: [-0.17423591 -0.25686525 -0.08047502 -0.16389836 -0.06253993 -0.02698502 -0.02391535  0.01970913  0.13208751  0.0538589   0.24909544  0.11695298]
Sample_58: [-0.3906479  -0.61647867 -0.32427536 -0.44831057 -0.21822503 -0.17116878 -0.16274773 -0.14152867  0.01539842 -0.07629312  0.05099323 -0.02725946]
Sample_59: [-9.34603457e-02 -1.68177803e-01 -1.65088432e-04 -9.64300590e-02  2.24317492e-02  5.65096038e-02  6.20107845e-02  1.25984659e-01  2.77942115e-01  1.86607817e-01  4.14875378e-01  2.61923654e-01]
Sample_60: [-0.19600789 -0.32516553 -0.09669775 -0.18674013 -0.06477312 -0.02726069 -0.02516771  0.00502118  0.09726044  0.02210582  0.19581276  0.07702347]
Sample_61: [-0.0999705  -0.23224595 -0.02333363 -0.13164905  0.03677411  0.07669434  0.08427182  0.13283211  0.29823258  0.20476504  0.39134297  0.27055621]
Sample_62: [-0.34652884 -0.57800564 -0.26710116 -0.37671216 -0.17698811 -0.13048538 -0.12610253 -0.12414208 -0.02454369 -0.10080406  0.00449229 -0.06325936]
Sample_63: [-0.41388127 -0.56704634 -0.33230165 -0.45237981 -0.26314152 -0.22340232 -0.21507913 -0.16083648  0.01570008 -0.08408385  0.1134208  -0.01492762]
Sample_64: [-0.01460053 -0.13512162  0.06022018 -0.0343182   0.11069193  0.15110926  0.15697011  0.19326851  0.33242274  0.24908387  0.41564675  0.30755343]
Sample_65: [-0.20647857 -0.43317951 -0.14872413 -0.26937794 -0.03753974  0.01119925  0.02000007  0.03505673  0.19284601  0.10347655  0.2145612   0.14876444]
Sample_66: [-0.29841335 -0.37908503 -0.20825903 -0.31851676 -0.17392577 -0.13999481 -0.13200315 -0.05343513  0.13512938  0.03189891  0.28083983  0.11592547]
Sample_67: [-0.51158406 -0.6628279  -0.4306797  -0.53744853 -0.36866845 -0.32794218 -0.32169304 -0.28375605 -0.14013214 -0.22829889 -0.05731728 -0.16891435]
Sample_68: [-0.07736684 -0.31990015  0.0058627  -0.11504335  0.10254101  0.14837273  0.15385874  0.16554528  0.28294619  0.19888092  0.32161199  0.24224076]
Sample_69: [-0.30252012 -0.45236826 -0.21764435 -0.31944921 -0.16177456 -0.12139612 -0.11637391 -0.08350853  0.04322795 -0.04029125  0.1255297   0.01608034]
Sample_70: [-0.14508202 -0.23768038 -0.05974394 -0.17791532 -0.01371136  0.02123132  0.03070593  0.11283763  0.32006685  0.21135356  0.4615275   0.2974495 ]
Sample_71: [-0.1338208  -0.320165   -0.06391378 -0.17186972  0.01835119  0.06324423  0.06983069  0.09029836  0.22692328  0.14294137  0.27492799  0.19167547]
Sample_72: [-0.32138181 -0.5349413  -0.23692826 -0.36477658 -0.14670391 -0.10367703 -0.09627156 -0.06121975  0.09220567 -0.00329476  0.16032264  0.05417401]
Sample_73: [-0.59695404 -0.75995223 -0.51423352 -0.63477938 -0.44258627 -0.4023571  -0.39439134 -0.34419244 -0.17432231 -0.27261773 -0.08162106 -0.20591157]
Sample_74: [-0.26356225 -0.47166623 -0.19733057 -0.31366785 -0.10087915 -0.05448441 -0.04677244 -0.02678484  0.12183837  0.03386215  0.1605738   0.08221555]
Sample_75: [-0.20382278 -0.42649072 -0.14225213 -0.26222252 -0.03565529  0.01224351  0.02062792  0.03739609  0.19149097  0.1024005   0.21933483  0.14874935]
Sample_76: [-0.34893014 -0.60565597 -0.28310634 -0.41350861 -0.16345318 -0.11457916 -0.10600352 -0.09184407  0.06197117 -0.0299024   0.08302066  0.01479401]
Sample_77: [-0.2008084  -0.41733159 -0.13093007 -0.26284294 -0.02635946  0.01887191  0.02849754  0.06499437  0.24461312  0.14446344  0.29962015  0.20270589]
Sample_78: [-0.22440036 -0.37036961 -0.14380642 -0.25913633 -0.07868733 -0.03894576 -0.03107562  0.02042764  0.19043759  0.09353372  0.28653602  0.1610661 ]
Sample_79: [-0.19767121 -0.36489292 -0.12393364 -0.21922768 -0.05740903 -0.01352534 -0.00887488  0.00528971  0.11672332  0.04110429  0.16735554  0.08614517]
Sample_80: [-0.24798815 -0.39713844 -0.16112667 -0.26044954 -0.10832761 -0.06812309 -0.06371434 -0.03338477  0.08490799  0.00371257  0.16695319  0.05857768]
Sample_81: [-0.29611198 -0.44859741 -0.21108099 -0.3086053  -0.15676512 -0.11589433 -0.11168262 -0.08560037  0.02794308 -0.05120755  0.10360305  0.00109011]
Sample_82: [-0.20783171 -0.36574584 -0.13058835 -0.23376006 -0.06554346 -0.02348466 -0.01762961  0.01181275  0.14593802  0.06186085  0.21598245  0.11611052]
Sample_83: [-0.40180294 -0.54742757 -0.30794423 -0.43500091 -0.2469518  -0.21022787 -0.20189037 -0.13299068  0.05218232 -0.05401327  0.1765531   0.0240236 ]
Sample_84: [-0.32695622 -0.37989569 -0.23145128 -0.33940676 -0.21126737 -0.17999672 -0.17212302 -0.0820445   0.11246407  0.00681456  0.28047081  0.09786318]
Sample_85: [-0.20903652 -0.30584018 -0.13414704 -0.24713846 -0.08146358 -0.04417189 -0.03451455  0.03720743  0.24054953  0.1362031   0.36174534  0.21598584]
Sample_86: [-0.2621071  -0.47880261 -0.19886116 -0.32491065 -0.09222723 -0.04548704 -0.03609509 -0.00829647  0.16374076  0.06823693  0.20461161  0.12122714]
Sample_87: [-2.28146463e-01 -4.78047905e-01 -1.50563622e-01 -2.70354538e-01 -4.77809428e-02 -4.42773938e-04  5.26261161e-03  1.09903265e-02  1.27336315e-01  4.50368449e-02  1.53488233e-01  8.47682831e-02]
Sample_88: [-0.29090864 -0.3849209  -0.20807632 -0.31113981 -0.16767579 -0.13107977 -0.12387627 -0.06229753  0.10726971  0.01221839  0.22743929  0.08597521]
Sample_89: [-0.16866774 -0.30131462 -0.07928615 -0.18173844 -0.03200785  0.00637416  0.01153444  0.05440239  0.18886021  0.10208671  0.28869532  0.16453676]
Sample_90: [-0.49309967 -0.60257287 -0.39753698 -0.50671582 -0.35881308 -0.3235861  -0.31728022 -0.25337925 -0.09325774 -0.1896989   0.03713773 -0.11452903]
Sample_91: [-0.37893233 -0.52559943 -0.30032409 -0.41813599 -0.23213427 -0.19221879 -0.18373519 -0.12969612  0.04875755 -0.05047011  0.14511253  0.01856876]
Sample_92: [-0.24278065 -0.40719276 -0.1625659  -0.26800387 -0.09655071 -0.05466819 -0.04897354 -0.01932761  0.11288055  0.0282471   0.18429072  0.08261414]
Sample_93: [-0.14303723 -0.2493658  -0.05081077 -0.13585293 -0.02331388  0.01406116  0.01683237  0.05065786  0.15339777  0.0778672   0.25423809  0.13500018]
Sample_94: [-0.29200312 -0.41217959 -0.20391763 -0.31018277 -0.15757254 -0.12017285 -0.11384463 -0.06014981  0.09416747  0.00153689  0.20566383  0.07051093]
Sample_95: [-0.42851338 -0.53305661 -0.34652588 -0.45253905 -0.30056749 -0.26330757 -0.25584805 -0.19577725 -0.02443272 -0.12031931  0.09097394 -0.04750608]
Sample_96: [-0.31158615 -0.42596249 -0.22845775 -0.33493862 -0.18001224 -0.14226235 -0.13516027 -0.07913321  0.08554489 -0.00885318  0.19593208  0.06150997]
Sample_97: [-0.29210513 -0.47247689 -0.22052282 -0.33455786 -0.13822074 -0.09448632 -0.08689231 -0.0553942   0.09917307  0.0087778   0.16020477  0.06415326]
Sample_98: [ 0.09300826 -0.01752561  0.17478613  0.09492393  0.2089339   0.24865795  0.2516119   0.27502766  0.37388045  0.30271674  0.45445592  0.35353652]
Sample_99: [-0.24278274 -0.37032734 -0.16034395 -0.26549396 -0.1078945  -0.06898836 -0.06244076 -0.01470477  0.13855759  0.04769281  0.23754008  0.11303846]
Sample_100: [-0.02743761 -0.12564557  0.0680243  -0.0758666   0.12166665  0.1534448   0.16587725  0.27999952  0.53899884  0.40909766  0.71750904  0.51440882]
Sample_101: [-0.13034582 -0.24823823 -0.03113647 -0.15589091  0.01570661  0.04977022  0.05798976  0.13839995  0.32951702  0.22090239  0.47618407  0.30596131]
Sample_102: [-0.21060822 -0.45257958 -0.13495667 -0.28766108 -0.01573872  0.02881689  0.0404518   0.0921535   0.30262797  0.18891328  0.37050941  0.25621856]
Sample_103: [-0.45222397 -0.60310498 -0.35952049 -0.49808794 -0.28986237 -0.25345926 -0.24324473 -0.16228672  0.05104963 -0.06471836  0.18394104  0.02052276]
Sample_104: [-0.14436068 -0.30647051 -0.05448773 -0.19848684  0.02379899  0.06103991  0.07212391  0.15410981  0.37766715  0.25874012  0.5060522   0.34454413]
Sample_105: [-0.50238426 -0.79034017 -0.42729579 -0.59834574 -0.28332219 -0.23677965 -0.22347056 -0.17081389  0.05804564 -0.06393496  0.11488292  0.00378725]
Sample_106: [-0.11367725 -0.14645175  0.00090873 -0.10362963 -0.00184511  0.02522462  0.03101623  0.12965229  0.30568889  0.20143432  0.50433892  0.29778772]
Sample_107: [-0.67264282 -0.93883894 -0.593879   -0.7565476  -0.46409185 -0.41905102 -0.40686742 -0.35373069 -0.13686945 -0.25485574 -0.07076289 -0.18675283]
Sample_108: [-0.43118164 -0.67018928 -0.34095486 -0.48959471 -0.23608317 -0.19373205 -0.18431729 -0.13406063  0.05022052 -0.05884492  0.1312119   0.00768668]
Sample_109: [-0.00165254 -0.191821    0.06813935 -0.08650711  0.1764756   0.21808897  0.23232159  0.31102514  0.56802477  0.44249897  0.66764538  0.52612853]
Sample_110: [-0.01508192 -0.18087151  0.05969576 -0.07077803  0.14362595  0.18455078  0.19497038  0.25531252  0.45895751  0.35136698  0.55268499  0.42409906]
Sample_111: [-0.14846954 -0.34288833 -0.06165109 -0.19690938  0.02460641  0.06531843  0.07428593  0.12865925  0.31144276  0.20599568  0.40399142  0.27512331]
Sample_112: [-0.04591784 -0.25963143  0.03043767 -0.11161913  0.13449887  0.17772906  0.18839888  0.24037705  0.44077035  0.33160625  0.51655533  0.39917487]
Sample_113: [ 0.04111338 -0.08591429  0.14344933  0.02070918  0.1897088   0.22408847  0.23133711  0.30516775  0.48117468  0.37637234  0.6225657   0.45747471]
Sample_114: [0.35272694 0.24466766 0.4507954  0.32650867 0.49515136 0.52872499 0.53730197 0.62175591 0.8195394  0.70943627 0.97122594 0.79694526]
Sample_115: [0.16689429 0.0216411  0.24800829 0.11508849 0.32183016 0.3600923  0.370847   0.44543904 0.66155469 0.54866506 0.77920074 0.63004305]
Sample_116: [-0.38873215 -0.56084741 -0.3043507  -0.44295413 -0.22151353 -0.18227381 -0.17178093 -0.10253699  0.1067724  -0.00602026  0.2160018   0.07208143]
Sample_117: [-0.57540686 -0.79522879 -0.51029034 -0.68054838 -0.38065588 -0.33736927 -0.32094462 -0.23744593  0.0465223  -0.08820164  0.13875248 -0.00182246]
Sample_118: [-0.37603242 -0.70718148 -0.2935642  -0.47303175 -0.13711787 -0.08928408 -0.07675464 -0.03328624  0.18018349  0.05923209  0.22495038  0.1213453 ]
Sample_119: [-0.3652906  -0.56341597 -0.26755793 -0.39515454 -0.19261305 -0.15277298 -0.14641973 -0.10198608  0.04510547 -0.05160278  0.13799364  0.0116163 ]
Sample_120: [ 0.03074678 -0.17049639  0.10580619 -0.04006345  0.20893418  0.25118204  0.2630198   0.32582485  0.54607761  0.43105644  0.63352385  0.50514904]
Sample_121: [ 0.02793642 -0.05906093  0.12769451  0.00930714  0.16093475  0.1931806   0.20124554  0.28871535  0.48294427  0.37451167  0.64415664  0.46390784]
Sample_122: [-0.60613453 -0.92428764 -0.52960909 -0.70454412 -0.37510338 -0.32691701 -0.31406677 -0.27100553 -0.05370157 -0.17354041 -0.01166616 -0.11166194]
Sample_123: [-0.05523628 -0.24912953  0.02693549 -0.09997743  0.11218559  0.15423252  0.16235287  0.20549216  0.37225044  0.27377299  0.45040637  0.3361419 ]
Sample_124: [-0.21472333 -0.37840116 -0.13545418 -0.27855388 -0.04896267 -0.00986509  0.00221215  0.08057145  0.31343469  0.19450597  0.42819668  0.2780707 ]
Sample_125: [-0.58206743 -0.81490351 -0.50954247 -0.66426117 -0.38974091 -0.34550137 -0.33289555 -0.2746143  -0.04902969 -0.16655666  0.02412779 -0.09529483]
Sample_126: [-0.03455877 -0.20808794  0.04731692 -0.07617862  0.12452203  0.1654151   0.17363687  0.22232784  0.39397526  0.29484457  0.48191358  0.36060714]
Sample_127: [-0.13456085 -0.27122252 -0.05046113 -0.17366871  0.01317824  0.05109493  0.06016965  0.12695068  0.3196523   0.21429028  0.43516294  0.29103146]
Sample_128: [-0.1210253  -0.29560554 -0.02985625 -0.17004252  0.04936368  0.08758693  0.09750299  0.16866201  0.37235989  0.25928994  0.48908369  0.33856996]
Sample_129: [-0.64446061 -0.90363321 -0.57331487 -0.72537184 -0.44550542 -0.3989534  -0.38745654 -0.34575742 -0.14300429 -0.25346467 -0.09265621 -0.19223786]
Sample_130: [-0.43769179 -0.73425743 -0.3641234  -0.5248137  -0.22174081 -0.17354731 -0.16205626 -0.12721317  0.07051098 -0.0406877   0.10767949  0.01631923]
Sample_131: [-0.59123546 -0.84879503 -0.53696107 -0.70412567 -0.3886268  -0.34068107 -0.3247296  -0.26548337 -0.00170715 -0.12787769  0.0490711  -0.05622287]
Sample_132: [-0.0210253  -0.19560554  0.07014375 -0.07004252  0.14936368  0.18758693  0.19750299  0.26866201  0.47235989  0.35928994  0.58908369  0.43856996]
Sample_133: [-0.47591586 -0.65330571 -0.39122398 -0.52126633 -0.31149465 -0.27127023 -0.26239835 -0.20672068 -0.02379734 -0.12785287  0.0721485  -0.05789902]
Sample_134: [-0.82998515 -0.98263329 -0.72850836 -0.86617667 -0.66553822 -0.63032549 -0.62130125 -0.54096396 -0.34168284 -0.45540433 -0.20155358 -0.37049137]
Sample_135: [-0.02873194 -0.34722968  0.03452872 -0.12867955  0.19316108  0.24436511  0.25674797  0.28241279  0.48455371  0.37400657  0.49831676  0.42538056]
Sample_136: [ 0.06313986 -0.03857556  0.15013888  0.01390993  0.20736138  0.24131461  0.25331634  0.35449308  0.60116156  0.47795103  0.75915036  0.5754425 ]
Sample_137: [-0.41993083 -0.56834685 -0.33401494 -0.47099956 -0.26073958 -0.22331999 -0.21252865 -0.13348572  0.08546213 -0.03002856  0.21085915  0.05403423]
Sample_138: [-0.09695612 -0.22308682 -0.01201157 -0.13226947  0.04606994  0.08332273  0.09214143  0.16043039  0.35135473  0.24682798  0.47162829  0.32451275]
Sample_139: [ 0.00330254 -0.21777918  0.07401135 -0.06693032  0.18417691  0.22891355  0.23980275  0.28582209  0.48516047  0.37776217  0.54843158  0.44170239]
Sample_140: [ 0.17100732 -0.0156719   0.25072775  0.10849121  0.34371032  0.38445412  0.39561944  0.46164393  0.676425    0.56251809  0.77476282  0.63861523]
Sample_141: [0.35893107 0.12784392 0.42414838 0.2886024  0.53886439 0.58559983 0.5958979  0.62917529 0.81426573 0.71300179 0.85838117 0.76923969]
Sample_142: [-0.13034582 -0.24823823 -0.03113647 -0.15589091  0.01570661  0.04977022  0.05798976  0.13839995  0.32951702  0.22090239  0.47618407  0.30596131]
Sample_143: [-0.08727701 -0.26798379 -0.00588128 -0.15419693  0.08713839  0.12672357  0.13889643  0.21595137  0.44867479  0.32835452  0.5600396   0.41109302]
Sample_144: [0.18527667 0.02159884 0.26454582 0.12144612 0.35103733 0.39013491 0.40221215 0.48057145 0.71343469 0.59450597 0.82819668 0.6780707 ]
Sample_145: [0.29543925 0.08558634 0.36897858 0.23346858 0.47051555 0.51441439 0.5244341  0.56942557 0.75854295 0.6543037  0.82632042 0.71768102]
Sample_146: [ 0.02674201 -0.18348233  0.11302607 -0.01662081  0.20173359  0.24409421  0.25169672  0.29099585  0.44917058  0.35162537  0.52367277  0.41166157]
Sample_147: [-0.03310363 -0.21522431  0.04578634 -0.08742142  0.13317395  0.17441247  0.18431423  0.24081621  0.43587765  0.32921935  0.52595139  0.39961873]
Sample_148: [ 0.05262077 -0.04189882  0.13863411  0.0071534   0.19181557  0.22577118  0.23731985  0.3357572   0.57589907  0.4555686   0.73226558  0.55143622]
Sample_149: [-0.26685608 -0.36911524 -0.17374473 -0.29824718 -0.12728834 -0.09336451 -0.08401366  0.00277251  0.21091683  0.09904619  0.36149418  0.1879443 ]
