

========================================
   RELATÓRIO FINAL (Melhor Execução Híbrida)
========================================
Menor custo J: 82.88
Quantization Error (QE): 0.3746
Topographic Error (TE): 0.0067
RMSE Global (Root Mean Squared Error): 0.1703

--- Parâmetros de Ponderação ---
Alpha (Peso Regressão): 3.641343
Lambdas (Pesos Features W):
[0.56763104 1.28109629 0.37765084]

================================================================================
LINHA DO TEMPO DOS PARÂMETROS (Evolução durante o treino)
================================================================================
Iter  | Sigma    | Custo J      | Alpha      | Lambdas (Vetor)
--------------------------------------------------------------------------------
1     | 8.0892   | 2307.08      | 9.604404   | [ 0.506 1.845 0.112 ]
2     | 5.8909   | 2163.15      | 9.563070   | [ 0.507 1.841 0.112 ]
3     | 4.2900   | 1922.89      | 9.442061   | [ 0.510 1.830 0.114 ]
4     | 3.1241   | 1556.01      | 9.070256   | [ 0.517 1.799 0.119 ]
5     | 2.2751   | 1089.66      | 8.134831   | [ 0.527 1.732 0.135 ]
6     | 1.6568   | 654.28       | 6.646507   | [ 0.530 1.600 0.177 ]
7     | 1.2066   | 371.07       | 5.276242   | [ 0.516 1.395 0.263 ]
8     | 0.8787   | 224.95       | 4.571867   | [ 0.501 1.279 0.341 ]
9     | 0.6399   | 140.50       | 4.215902   | [ 0.520 1.274 0.358 ]
10    | 0.4660   | 82.88        | 3.641343   | [ 0.568 1.281 0.378 ]
--------------------------------------------------------------------------------

--- Afiliação dos Neurônios ---
 Neurônio 0 (Pos 0,0) - 26 elementos: [0, 4, 5, 10, 14, 15, 16, 17, 18, 19, 20, 21, 22, 26, 27, 28, 31, 32, 33, 36, 39, 40, 43, 44, 46, 48]
 Neurônio 1 (Pos 0,1) - 25 elementos: [1, 2, 3, 6, 7, 8, 9, 11, 12, 13, 23, 24, 25, 29, 30, 34, 35, 37, 38, 41, 42, 45, 47, 49, 98]
 Neurônio 2 (Pos 1,0) - 0 elementos: []
 Neurônio 3 (Pos 1,1) - 0 elementos: []
 Neurônio 4 (Pos 2,0) - 0 elementos: []
 Neurônio 5 (Pos 2,1) - 0 elementos: []
 Neurônio 6 (Pos 3,0) - 0 elementos: []
 Neurônio 7 (Pos 3,1) - 0 elementos: []
 Neurônio 8 (Pos 4,0) - 0 elementos: []
 Neurônio 9 (Pos 4,1) - 0 elementos: []
 Neurônio 10 (Pos 5,0) - 45 elementos: [50, 51, 52, 56, 58, 65, 76, 77, 86, 100, 102, 103, 104, 105, 107, 108, 109, 110, 111, 112, 114, 115, 116, 117, 118, 120, 122, 124, 125, 128, 129, 130, 131, 132, 135, 136, 137, 139, 140, 141, 143, 144, 145, 147, 148]
 Neurônio 11 (Pos 5,1) - 54 elementos: [53, 54, 55, 57, 59, 60, 61, 62, 63, 64, 66, 67, 68, 69, 70, 71, 72, 73, 74, 75, 78, 79, 80, 81, 82, 83, 84, 85, 87, 88, 89, 90, 91, 92, 93, 94, 95, 96, 97, 99, 101, 106, 113, 119, 121, 123, 126, 127, 133, 134, 138, 142, 146, 149]

--- Visualização Topológica do Mapa (Linha, Coluna) ---
  10    11  
  8     9   
  6     7   
  4     5   
  2     3   
  0     1   

--- Matriz de Coeficientes Beta (Regressão) ---
 Beta_0: [-0.12517344 -0.01879575  0.01895231  0.29134043]
 Beta_1: [-0.35395717  0.04994113 -0.09333513  0.43216097]
 Beta_2: [-0.12517343 -0.01879575  0.01895231  0.29134043]
 Beta_3: [-0.35395713  0.04994112 -0.09333514  0.43216097]
 Beta_4: [-0.12688084 -0.01866339  0.01884815  0.2922914 ]
 Beta_5: [-0.35371477  0.04991279 -0.09332921  0.43207604]
 Beta_6: [ 0.39435732 -0.38419435  0.38087599  0.54439515]
 Beta_7: [-0.31942808 -0.16357076  0.20327617  0.48883199]
 Beta_8: [ 0.39437276 -0.3841902   0.38089801  0.5443752 ]
 Beta_9: [-0.31943805 -0.16356989  0.20328069  0.48883034]
 Beta_10: [ 0.39437277 -0.3841902   0.38089801  0.5443752 ]
 Beta_11: [-0.31943806 -0.16356989  0.20328069  0.48883034]

--- Matriz de Protótipos W (Clustering) ---
 W_0: [5.20350877 3.64       1.48      ]
 W_1: [4.8057971  3.15217391 1.50869565]
 W_2: [5.20350877 3.64       1.48      ]
 W_3: [4.8057971  3.15217391 1.50869565]
 W_4: [5.20353577 3.63998919 1.48007084]
 W_5: [4.80581974 3.15216511 1.50875784]
 W_6: [6.70369537 3.03918462 5.41537775]
 W_7: [5.89079341 2.73021036 4.488701  ]
 W_8: [6.7037037  3.03918129 5.41539961]
 W_9: [5.89079861 2.73020833 4.48871528]
 W_10: [6.7037037  3.03918129 5.41539961]
 W_11: [5.89079861 2.73020833 4.48871528]

--- Vetor Alvo (y) ---
Shape: (150,)
[0.2 0.2 0.2 0.2 0.2 0.4 0.3 0.2 0.2 0.1 0.2 0.2 0.1 0.1 0.2 0.4 0.4 0.3 0.3 0.3 0.2 0.4 0.2 0.5 0.2 0.2 0.4 0.2 0.2 0.2 0.2 0.4 0.1 0.2 0.1 0.2 0.2 0.1 0.2 0.2 0.3 0.3 0.2 0.6 0.4 0.3 0.2 0.2 0.2
 0.2 1.4 1.5 1.5 1.3 1.5 1.3 1.6 1.  1.3 1.4 1.  1.5 1.  1.4 1.3 1.4 1.5 1.  1.5 1.1 1.8 1.3 1.5 1.2 1.3 1.4 1.4 1.7 1.5 1.  1.1 1.  1.2 1.6 1.5 1.6 1.5 1.3 1.3 1.3 1.2 1.4 1.2 1.  1.3 1.2 1.3 1.3
 1.1 1.3 2.5 1.9 2.1 1.8 2.2 2.1 1.7 1.8 1.8 2.5 2.  1.9 2.1 2.  2.4 2.3 1.8 2.2 2.3 1.5 2.3 2.  2.  1.8 2.1 1.8 1.8 1.8 2.1 1.6 1.9 2.  2.2 1.5 1.4 2.3 2.4 1.8 1.8 2.1 2.4 2.3 1.9 2.3 2.5 2.3 1.9
 2.  2.3 1.8]


--- Matriz de Confusão ---
             Iris-setosa  Iris-versicolor  Iris-virginica
Neurônio 0            26                0               0
Neurônio 1            24                1               0
Neurônio 2             0                0               0
Neurônio 3             0                0               0
Neurônio 4             0                0               0
Neurônio 5             0                0               0
Neurônio 6             0                0               0
Neurônio 7             0                0               0
Neurônio 8             0                0               0
Neurônio 9             0                0               0
Neurônio 10            0                9              36
Neurônio 11            0               40              14

--- Métricas de Validação de Clustering ---
Adjusted Rand Index (ARI): 0.4817
Normalized Mutual Information (NMI): 0.5880

--- Matriz Mu (Estimativas) ---
Shape: (150, 12)
Sample_0: [0.25317795 0.17909499 0.25317795 0.17909499 0.25311237 0.17909468 0.53018529 0.24219244 0.53027105 0.24220038 0.53027105 0.24220038]
Sample_1: [0.24746094 0.21577433 0.24746094 0.21577433 0.24742097 0.21577673 0.41658617 0.17326851 0.41666009 0.17327401 0.41666009 0.17327401]
Sample_2: [0.22587651 0.14390298 0.22587651 0.14390298 0.22569414 0.14392072 0.51516072 0.1977547  0.51524021 0.1977611  0.51524021 0.1977611 ]
Sample_3: [0.28412894 0.23467458 0.28412894 0.23467458 0.28413394 0.23467757 0.62437159 0.29155055 0.62444447 0.29155609 0.62444447 0.29155609]
Sample_4: [0.25695275 0.16476737 0.25695276 0.16476736 0.25686352 0.16477048 0.60669233 0.27887714 0.60677987 0.27888544 0.60677987 0.27888544]
Sample_5: [0.34252228 0.28639157 0.34252228 0.28639156 0.34274003 0.28635965 0.73059593 0.42108128 0.73068576 0.42109079 0.73068575 0.42109079]
Sample_6: [0.26068059 0.16345794 0.26068059 0.16345794 0.26055925 0.16347121 0.68419487 0.3036502  0.68427635 0.30365726 0.68427635 0.30365726]
Sample_7: [0.28229634 0.22665049 0.28229634 0.22665049 0.28232303 0.22664393 0.58495664 0.2871051  0.58503779 0.28711234 0.58503779 0.28711234]
Sample_8: [0.25496358 0.20013728 0.25496359 0.20013728 0.25486785 0.20015325 0.57059574 0.23472627 0.57066539 0.23473089 0.57066539 0.23473089]
Sample_9: [0.27849022 0.24965692 0.27849022 0.24965692 0.27853493 0.24965141 0.50911328 0.24247932 0.50918741 0.24248512 0.50918741 0.24248512]
Sample_10: [0.28046373 0.2186264  0.28046373 0.2186264  0.28051212 0.21861028 0.5455417  0.28265965 0.54563111 0.28266858 0.54563111 0.28266859]
Sample_11: [0.31518953 0.25987836 0.31518953 0.25987836 0.31528485 0.25986897 0.71623503 0.36870245 0.71631335 0.36870935 0.71631335 0.36870935]
Sample_12: [0.24934052 0.21078022 0.24934052 0.21078022 0.24928731 0.21078545 0.4550056  0.18962558 0.45507911 0.189631   0.45507911 0.189631  ]
Sample_13: [0.17133626 0.05616136 0.17133626 0.05616137 0.17093159 0.05620624 0.48378423 0.12476137 0.48386165 0.12476685 0.48386165 0.12476685]
Sample_14: [0.191229   0.08095402 0.191229   0.08095401 0.1910138  0.08095382 0.34280821 0.1315646  0.34291188 0.13157573 0.34291187 0.13157573]
Sample_15: [0.28809162 0.16827415 0.28809162 0.16827414 0.28810681 0.16825367 0.69689658 0.37588174 0.69700266 0.3758941  0.69700266 0.3758941 ]
Sample_16: [0.22598611 0.11352718 0.22598611 0.11352718 0.22582348 0.11352923 0.51283787 0.22554848 0.51293567 0.22555865 0.51293567 0.22555866]
Sample_17: [0.25317795 0.17909499 0.25317795 0.17909499 0.25311237 0.17909468 0.53018529 0.24219244 0.53027105 0.24220038 0.53027105 0.24220038]
Sample_18: [0.33498832 0.31070742 0.33498832 0.31070742 0.3352562  0.3106664  0.57725002 0.35168244 0.5773389  0.35169175 0.57733889 0.35169175]
Sample_19: [0.28799769 0.19431055 0.28799769 0.19431055 0.28799596 0.19430352 0.6988876  0.35205849 0.69897797 0.35206762 0.69897797 0.35206762]
Sample_20: [0.33304612 0.33305914 0.33304612 0.33305913 0.33331596 0.33302425 0.54015793 0.3194432  0.54023675 0.31945045 0.54023675 0.31945045]
Sample_21: [0.28610245 0.20364406 0.28610245 0.20364406 0.28611114 0.20363644 0.6608     0.33173088 0.66088817 0.33173955 0.66088817 0.33173955]
Sample_22: [ 0.14793488 -0.02807348  0.14793488 -0.02807348  0.14741232 -0.02802505  0.54261201  0.14877264  0.54270587  0.14878126  0.54270587  0.14878126]
Sample_23: [0.33678962 0.32741031 0.33678962 0.32741031 0.33703016 0.32738333 0.61732864 0.34818681 0.61740401 0.34819335 0.61740401 0.34819335]
Sample_24: [0.40259166 0.38952665 0.40259166 0.38952665 0.40297227 0.38949178 0.87955357 0.51535205 0.87962591 0.51535845 0.87962591 0.51535845]
Sample_25: [0.30384945 0.30720064 0.30384946 0.30720064 0.30401291 0.30718321 0.48704576 0.25467783 0.48711611 0.25468309 0.48711611 0.25468309]
Sample_26: [0.31143038 0.26986659 0.31143038 0.26986659 0.31155217 0.26985153 0.63939616 0.3359883  0.63947531 0.33599537 0.63947531 0.33599537]
Sample_27: [0.28043242 0.2273052  0.28043242 0.2273052  0.28047517 0.22729356 0.54620537 0.27471857 0.54628955 0.27472643 0.54628955 0.27472643]
Sample_28: [0.24940314 0.19342262 0.24940314 0.19342262 0.24936122 0.19341888 0.45367826 0.20550775 0.45376223 0.20551532 0.45376223 0.20551532]
Sample_29: [0.31327864 0.27355127 0.31327864 0.27355128 0.31338156 0.27354354 0.67847927 0.34440429 0.67855277 0.3444102  0.67855277 0.3444102 ]
Sample_30: [0.30950383 0.2878789  0.30950384 0.2878789  0.30963041 0.28786774 0.60197223 0.3077196  0.60204395 0.30772514 0.60204395 0.30772514]
Sample_31: [0.27477804 0.24662694 0.27477804 0.24662694 0.27485768 0.24660904 0.4312789  0.2216768  0.43136171 0.22168438 0.43136171 0.22168438]
Sample_32: [0.2918038  0.17130412 0.2918038  0.17130412 0.29178406 0.17129604 0.77473096 0.39668427 0.77482836 0.39669484 0.77482835 0.39669484]
Sample_33: [0.25892627 0.13373685 0.25892627 0.13373684 0.25884072 0.13372935 0.64312074 0.31905746 0.64322358 0.31906891 0.64322358 0.31906891]
Sample_34: [0.27849022 0.24965692 0.27849022 0.24965692 0.27853493 0.24965141 0.50911328 0.24247932 0.50918741 0.24248512 0.50918741 0.24248512]
Sample_35: [0.19110374 0.11566922 0.19110375 0.11566922 0.19086598 0.11568696 0.3454629  0.09980027 0.34554563 0.0998071  0.34554563 0.09980709]
Sample_36: [0.21652561 0.15585535 0.21652561 0.15585534 0.21641788 0.15585219 0.32206804 0.12788094 0.32215745 0.12788939 0.32215745 0.12788939]
Sample_37: [0.27849022 0.24965692 0.27849022 0.24965692 0.27853493 0.24965141 0.50911328 0.24247932 0.50918741 0.24248512 0.50918741 0.24248512]
Sample_38: [0.22772477 0.14758767 0.22772477 0.14758767 0.22752353 0.14761273 0.55424383 0.20617069 0.55431767 0.20617593 0.55431767 0.20617593]
Sample_39: [0.28041676 0.2316446  0.28041676 0.2316446  0.2804567  0.23163521 0.54653721 0.27074802 0.54661877 0.27075535 0.54661877 0.27075535]
Sample_40: [0.22592348 0.13088478 0.22592348 0.13088478 0.22574957 0.1308958  0.51416521 0.20966632 0.51425255 0.20967434 0.51425255 0.20967434]
Sample_41: [0.21257858 0.21791638 0.21257858 0.21791638 0.21246348 0.21793446 0.2492112  0.04752029 0.24927004 0.04752246 0.24927005 0.04752245]
Sample_42: [0.23151523 0.12892064 0.23151524 0.12892065 0.23129316 0.12894689 0.63041903 0.24682592 0.63049727 0.24683207 0.63049727 0.24683207]
Sample_43: [0.31332561 0.26053307 0.31332561 0.26053307 0.31343699 0.26051861 0.67748376 0.35631592 0.67756511 0.35632344 0.67756511 0.35632344]
Sample_44: [0.40453386 0.36717494 0.40453386 0.36717494 0.40491251 0.36713394 0.91664566 0.54759129 0.91672805 0.54759976 0.91672805 0.54759976]
Sample_45: [0.24934052 0.21078022 0.24934052 0.21078022 0.24928731 0.21078545 0.4550056  0.18962558 0.45507911 0.189631   0.45507911 0.189631  ]
Sample_46: [0.31713173 0.23752665 0.31713173 0.23752664 0.3172251  0.23751113 0.75332712 0.40094169 0.75341549 0.40095066 0.75341549 0.40095066]
Sample_47: [0.25689013 0.18212497 0.25689013 0.18212497 0.25678962 0.18213705 0.60801967 0.26299497 0.60809675 0.26300112 0.60809675 0.26300112]
Sample_48: [0.28234331 0.21363229 0.2823433  0.21363228 0.28237846 0.213619   0.58396113 0.29901672 0.58405013 0.29902557 0.58405013 0.29902557]
Sample_49: [0.25126706 0.19276791 0.25126706 0.1927679  0.25120908 0.19276924 0.49242953 0.21789428 0.49251047 0.21790123 0.49251047 0.21790123]
Sample_50: [1.17320376 1.7281149  1.17320375 1.72811488 1.1765591  1.72777868 1.48245722 1.48357072 1.48247844 1.4835735  1.48247844 1.4835735 ]
Sample_51: [1.12621312 1.61171802 1.12621311 1.61171801 1.12929885 1.6114158  1.6040948  1.48394677 1.60411752 1.48394937 1.60411751 1.48394937]
Sample_52: [1.23145619 1.81888649 1.23145618 1.81888648 1.2349989  1.81853553 1.59166808 1.57736657 1.5916827  1.57736849 1.5916827  1.57736849]
Sample_53: [0.980402   1.43469214 0.98040199 1.43469213 0.98298687 1.43445256 1.33488375 1.20379591 1.33489289 1.20379448 1.33489289 1.20379448]
Sample_54: [1.14588667 1.69726229 1.14588666 1.69726227 1.14912239 1.69694637 1.46776448 1.43516243 1.46777681 1.43516314 1.46777681 1.43516314]
Sample_55: [1.13178922 1.61409329 1.13178921 1.61409328 1.13482396 1.61380853 1.72068045 1.51713583 1.72069145 1.51713602 1.72069145 1.51713602]
Sample_56: [1.18825601 1.68382259 1.18825601 1.68382258 1.19150829 1.68350681 1.78948086 1.61839786 1.78950138 1.61840049 1.78950138 1.6184005 ]
Sample_57: [0.78963638 1.09288127 0.78963637 1.09288126 0.79146574 1.09271873 1.22241136 0.98008359 1.22243417 0.98008325 1.22243417 0.98008325]
Sample_58: [1.14590232 1.69292289 1.14590231 1.69292287 1.14914087 1.69260472 1.46743265 1.43913297 1.46744759 1.43913422 1.46744759 1.43913422]
Sample_59: [0.9644876  1.33915965 0.9644876  1.33915964 0.966896   1.33893943 1.54805294 1.2852944  1.54807163 1.28529469 1.54807163 1.28529469]
Sample_60: [0.83844396 1.22164163 0.83844396 1.22164162 0.84051842 1.2214569  1.14052056 0.98018244 1.14053098 0.98018005 1.14053099 0.98018005]
Sample_61: [1.0444184  1.47576619 1.0444184  1.47576618 1.0471735  1.47550243 1.55669823 1.37842732 1.55672045 1.37842908 1.55672045 1.37842908]
Sample_62: [0.96910889 1.46899622 0.96910889 1.46899621 0.97177036 1.46874187 1.10469898 1.10168291 1.10470799 1.10168147 1.10470799 1.10168146]
Sample_63: [1.18443424 1.71116842 1.18443423 1.71116841 1.1877017  1.71085593 1.71396934 1.56980155 1.71398021 1.5698022  1.71398021 1.5698022 ]
Sample_64: [0.87335764 1.21082078 0.87335763 1.21082077 0.87551286 1.21061589 1.30723185 1.11387174 1.30726259 1.11387377 1.30726259 1.11387377]
Sample_65: [1.08954512 1.59281778 1.08954512 1.59281776 1.09258588 1.59251495 1.39630938 1.36566473 1.39633314 1.3656673  1.39633313 1.3656673 ]
Sample_66: [1.13745926 1.59043215 1.13745925 1.59043214 1.14045993 1.59015141 1.83527508 1.57414814 1.83529007 1.57414915 1.83529007 1.57414915]
Sample_67: [1.01147824 1.45555652 1.01147824 1.45555651 1.01415625 1.45530231 1.42641536 1.28491835 1.42643255 1.28491882 1.42643255 1.28491882]
Sample_68: [1.11101996 1.69506493 1.11101995 1.69506492 1.11418338 1.69476245 1.30005768 1.31338475 1.30005755 1.31338266 1.30005755 1.31338266]
Sample_69: [0.95317884 1.37780313 0.95317884 1.37780312 0.95566102 1.37757039 1.3182     1.17921087 1.31821595 1.1792106  1.31821595 1.1792106 ]
Sample_70: [1.22301312 1.71639575 1.22301312 1.71639574 1.22631796 1.71608221 1.95951052 1.71238175 1.95952517 1.71238342 1.95952518 1.71238342]
Sample_71: [0.97860071 1.41798925 0.9786007  1.41798924 0.98121291 1.41773562 1.29480514 1.20729154 1.29482777 1.20729289 1.29482777 1.20729289]
Sample_72: [1.23136225 1.84492289 1.23136224 1.84492288 1.23488804 1.84458538 1.5936591  1.55354333 1.59365801 1.55354201 1.59365801 1.55354201]
Sample_73: [1.18253901 1.72050193 1.182539   1.72050192 1.18581689 1.72018885 1.67588174 1.54947393 1.67589041 1.54947413 1.67589041 1.54947413]
Sample_74: [1.06225934 1.55328637 1.06225934 1.55328636 1.06518613 1.55299935 1.38095297 1.32519752 1.38097307 1.32519909 1.38097307 1.32519909]
Sample_75: [1.08952947 1.59715718 1.08952946 1.59715716 1.0925674  1.59685659 1.39664122 1.36169419 1.39666235 1.36169622 1.39666235 1.36169622]
Sample_76: [1.19851603 1.79867682 1.19851602 1.79867681 1.20198166 1.79833541 1.46138521 1.4838576  1.46139479 1.48385824 1.46139479 1.48385824]
Sample_77: [1.26245415 1.86144788 1.26245414 1.86144786 1.2660759  1.8610935  1.68485887 1.63863631 1.68486845 1.63863743 1.68486845 1.63863743]
Sample_78: [1.12804573 1.61974211 1.12804572 1.6197421  1.13110976 1.61944944 1.64350974 1.48839222 1.64352419 1.48839312 1.64352419 1.48839312]
Sample_79: [0.83665833 1.20059934 0.83665832 1.20059933 0.83876294 1.20039833 1.1001101  0.98764861 1.10013665 0.98764954 1.10013665 0.98764954]
Sample_80: [0.92402914 1.33892643 0.92402914 1.33892642 0.9264134  1.33870443 1.26409232 1.12635713 1.26410765 1.12635648 1.26410765 1.12635648]
Sample_81: [0.8948951  1.29571033 0.8948951  1.29571033 0.89718426 1.29549682 1.20965281 1.07747393 1.20967013 1.07747345 1.20967013 1.07747345]
Sample_82: [0.95321016 1.36912433 0.95321015 1.36912432 0.95569797 1.3688871  1.31753633 1.18715195 1.31755751 1.18715276 1.31755751 1.18715275]
Sample_83: [1.29905952 1.89770572 1.29905952 1.89770571 1.30271497 1.89736091 1.89397164 1.74103618 1.89396971 1.74103519 1.89396971 1.74103519]
Sample_84: [1.14121841 1.58044392 1.1412184  1.58044391 1.14419261 1.58016885 1.91211395 1.6068623  1.91212811 1.60686312 1.91212811 1.60686312]
Sample_85: [1.13752188 1.57307454 1.13752187 1.57307453 1.14053384 1.57278484 1.83394774 1.59003031 1.8339732  1.59003346 1.8339732  1.59003346]
Sample_86: [1.17694725 1.72246607 1.17694725 1.72246606 1.1802733  1.72213776 1.55962793 1.51231433 1.5596457  1.5123164  1.55964569 1.5123164 ]
Sample_87: [1.08190157 1.64750943 1.08190157 1.64750942 1.08497271 1.6472132  1.24528633 1.2684721  1.24529081 1.2684707  1.24529081 1.2684707 ]
Sample_88: [1.02092308 1.41756776 1.02092308 1.41756775 1.02354337 1.41732099 1.61751702 1.37861535 1.61753999 1.37861701 1.61753999 1.37861701]
Sample_89: [0.98419246 1.41602511 0.98419246 1.41602511 0.9867565  1.41578671 1.41105895 1.24445114 1.41107249 1.24445062 1.41107249 1.24445062]
Sample_90: [1.10262386 1.57955599 1.10262386 1.57955598 1.10555787 1.57928421 1.66690461 1.46031155 1.66691237 1.46031083 1.66691237 1.46031082]
Sample_91: [1.15719543 1.65861881 1.15719542 1.6586188  1.16035738 1.65831541 1.69761742 1.54124597 1.69763249 1.54124723 1.69763249 1.54124723]
Sample_92: [0.98044897 1.42167394 0.98044896 1.42167393 0.98304229 1.42142763 1.33388824 1.21570753 1.33390523 1.21570772 1.33390523 1.21570772]
Sample_93: [0.78586157 1.10720889 0.78586157 1.10720889 0.78771458 1.10704293 1.14590432 0.94339889 1.14592535 0.94339819 1.14592535 0.94339819]
Sample_94: [1.04437143 1.48878439 1.04437143 1.48878439 1.04711807 1.48852736 1.55769374 1.3665157  1.55770811 1.36651584 1.55770811 1.36651584]
Sample_95: [1.04817755 1.46577797 1.04817755 1.46577796 1.05090617 1.46551987 1.6335371  1.41114147 1.63355849 1.41114305 1.63355849 1.41114305]
Sample_96: [1.04628232 1.47511148 1.04628232 1.47511147 1.04902136 1.47485279 1.59544951 1.39081386 1.59546869 1.39081498 1.59546869 1.39081498]
Sample_97: [1.06601849 1.54329814 1.06601849 1.54329813 1.0689188  1.54301679 1.45779184 1.35791168 1.45781111 1.35791307 1.45781111 1.35791307]
Sample_98: [0.70037033 0.96388769 0.70037033 0.96388768 0.70193045 0.96374556 1.02034154 0.82104745 1.02037337 0.82104824 1.02037337 0.82104824]
Sample_99: [1.01525305 1.4412289  1.01525304 1.44122889 1.0179074  1.44097811 1.50292239 1.32160304 1.50294137 1.32160388 1.50294137 1.32160388]
Sample_100: [1.56699857 2.24563186 1.56699856 2.24563184 1.5714871  2.24520566 2.49719456 2.25387945 2.49718914 2.25387994 2.49718914 2.25387994]
Sample_101: [1.30281867 1.8877175  1.30281866 1.88771749 1.30644765 1.88737835 1.97081051 1.77375034 1.97080775 1.77374916 1.97080775 1.77374916]
Sample_102: [1.51714224 2.27036921 1.51714223 2.27036919 1.52167281 2.26992705 2.02113676 2.01315679 2.02113006 2.01315678 2.02113006 2.01315678]
Sample_103: [1.44288148 2.11010152 1.44288147 2.11010151 1.44703128 2.10970693 2.1270861  1.97703619 2.12707985 1.97703553 2.12707985 1.97703553]
Sample_104: [1.49928565 2.19718843 1.49928563 2.19718841 1.5036417  2.19677177 2.19721386 2.06241605 2.19720665 2.06241568 2.19720666 2.06241568]
Sample_105: [1.71168267 2.59785245 1.71168266 2.59785243 1.71694509 2.59733667 2.21011619 2.27355381 2.2100976  2.27355307 2.2100976  2.27355307]
Sample_106: [1.14114012 1.60214092 1.14114012 1.60214092 1.14410023 1.60187706 1.91377314 1.58700959 1.91377421 1.58700773 1.91377421 1.58700773]
Sample_107: [1.62802403 2.46255534 1.62802402 2.46255531 1.63297187 2.46207295 2.12396836 2.15564782 2.1239523  2.15564687 2.1239523  2.15564687]
Sample_108: [1.48605034 2.25384422 1.48605033 2.25384421 1.49048495 2.25341894 1.929937   1.92806381 1.92991961 1.92806136 1.92991961 1.92806136]
Sample_109: [1.58490214 2.30579443 1.58490213 2.30579441 1.58957364 2.30533601 2.32012195 2.21653182 2.32012488 2.21653427 2.32012488 2.21653428]
Sample_110: [1.29913781 1.87600872 1.2991378  1.87600871 1.30280735 1.8756527  1.89231245 1.76088889 1.89232362 1.76089058 1.89232362 1.76089058]
Sample_111: [1.34980931 2.00411437 1.3498093  2.00411436 1.35370789 2.00374124 1.84917293 1.77337428 1.84916867 1.7733733  1.84916867 1.7733733 ]
Sample_112: [1.40624479 2.08252248 1.40624478 2.08252246 1.41035526 2.0821228  1.91863701 1.86669523 1.91863704 1.86669561 1.91863704 1.86669561]
Sample_113: [1.27177374 1.85817431 1.27177373 1.8581743  1.27531522 1.85784531 1.87861523 1.70056898 1.87860965 1.70056698 1.87860965 1.70056698]
Sample_114: [1.3047139  1.87838398 1.3047139  1.87838397 1.30833246 1.87804543 2.00889811 1.79407795 2.00889755 1.79407723 2.00889755 1.79407723]
Sample_115: [1.35928547 1.9574468  1.35928546 1.95744679 1.36313197 1.95707663 2.03961092 1.87501236 2.03961768 1.87501364 2.03961768 1.87501364]
Sample_116: [1.41188352 2.06754014 1.41188351 2.06754012 1.41595428 2.06714896 2.03389532 1.91576645 2.03389409 1.91576658 2.0338941  1.91576658]
Sample_117: [1.75409899 2.57139456 1.75409897 2.57139453 1.75938641 2.57087219 2.53083706 2.46870087 2.5308345  2.46870367 2.5308345  2.46870367]
Sample_118: [1.7896243  2.76982891 1.78962429 2.76982889 1.79522691 2.76928245 2.18266491 2.32253586 2.18263194 2.32253291 2.18263194 2.32253291]
Sample_119: [1.26044933 1.90115719 1.26044932 1.90115718 1.26406175 1.90081791 1.64909413 1.5905149  1.64908319 1.59051181 1.64908319 1.59051181]
Sample_120: [1.46642377 2.15528176 1.46642376 2.15528174 1.47071683 2.15486344 2.0652718  1.98875978 2.06527266 1.98876083 2.06527266 1.98876083]
Sample_121: [1.25020497 1.78196356 1.25020496 1.78196355 1.25360686 1.78164767 1.97685795 1.72902571 1.97686055 1.72902514 1.97686055 1.72902514]
Sample_122: [1.73514668 2.66472969 1.73514666 2.66472967 1.74053826 2.6642014  2.14996108 2.2654247  2.1499365  2.26542298 2.1499365  2.26542298]
Sample_123: [1.23515271 1.82625587 1.23515271 1.82625585 1.23865767 1.82591954 1.6698343  1.59419856 1.66983761 1.59419815 1.66983761 1.59419815]
Sample_124: [1.47207815 2.13596002 1.47207814 2.13596    1.47633433 2.13554796 2.18019827 2.04180155 2.1802005  2.04180288 2.1802005  2.04180288]
Sample_125: [1.54818717 2.29991239 1.54818716 2.29991237 1.55280524 2.29946009 2.11333204 2.08633815 2.11332816 2.08633896 2.11332816 2.08633897]
Sample_126: [1.20979348 1.76871214 1.20979347 1.76871213 1.21317969 1.76838774 1.69190182 1.58200005 1.69190891 1.58200017 1.69190891 1.58200017]
Sample_127: [1.24459756 1.7882671  1.24459755 1.78826709 1.2480448  1.78793822 1.86093597 1.68789556 1.86094505 1.68789633 1.86094505 1.68789634]
Sample_128: [1.43910667 2.12442915 1.43910666 2.12442913 1.44328013 2.12403113 2.05057907 1.94035149 2.05057103 1.94035047 2.05057103 1.94035047]
Sample_129: [1.48612862 2.23214722 1.48612861 2.2321472  1.49057733 2.23171073 1.92827781 1.94791652 1.92827352 1.94791676 1.92827352 1.94791676]
Sample_130: [1.56598114 2.39045077 1.56598113 2.39045075 1.57076244 2.38998194 1.93858229 2.02119673 1.93856844 2.02119574 1.93856844 2.02119574]
Sample_131: [1.66293771 2.45173449 1.66293769 2.45173446 1.66796632 2.45123193 2.29067965 2.28933712 2.2906839  2.28934059 2.2906839  2.28934059]
Sample_132: [1.43910667 2.12442915 1.43910666 2.12442913 1.44328013 2.12403113 2.05057907 1.94035149 2.05057103 1.94035047 2.05057103 1.94035047]
Sample_133: [1.29531603 1.90335455 1.29531602 1.90335454 1.29900077 1.90300183 1.81680093 1.71229257 1.81680245 1.71229229 1.81680245 1.71229229]
Sample_134: [1.44095493 2.12811384 1.44095492 2.12811382 1.44510951 2.12772313 2.08966218 1.94876749 2.08964849 1.9487653  2.08964849 1.9487653 ]
Sample_135: [1.56413288 2.38676608 1.56413287 2.38676606 1.56893305 2.38628993 1.89949918 2.01278074 1.89949098 2.01278091 1.89949098 2.01278091]
Sample_136: [1.45235763 2.06343396 1.45235762 2.06343394 1.45645536 2.06304232 2.3175241  2.07867427 2.31752886 2.07867587 2.31752886 2.07867587]
Sample_137: [1.41565832 2.05321251 1.41565831 2.0532125  1.41970543 2.05282476 2.11040235 1.95245115 2.11040291 1.95245164 2.11040292 1.95245164]
Sample_138: [1.21734309 1.74005689 1.21734308 1.74005688 1.220682   1.73973934 1.84491589 1.65536944 1.84492655 1.65537029 1.84492655 1.65537029]
Sample_139: [1.37712641 2.03496698 1.3771264  2.03496696 1.3811446  2.03457355 1.86386566 1.82178257 1.8638703  1.82178366 1.8638703  1.82178366]
Sample_140: [1.43915364 2.11141095 1.43915363 2.11141093 1.44333556 2.1110062  2.04958356 1.95226312 2.04958338 1.95226371 2.04958338 1.95226371]
Sample_141: [1.28972428 1.90531869 1.28972427 1.90531867 1.29345718 1.90495074 1.70054711 1.67513297 1.70055774 1.67513456 1.70055774 1.67513456]
Sample_142: [1.30281867 1.8877175  1.30281866 1.88771749 1.30644765 1.88737835 1.97081051 1.77375034 1.97080775 1.77374916 1.97080775 1.77374916]
Sample_143: [1.52657143 2.23671984 1.52657142 2.23671982 1.53104145 2.23628737 2.21257027 2.10288326 2.21256672 2.10288389 2.21256672 2.10288389]
Sample_144: [1.47207815 2.13596002 1.47207814 2.13596    1.47633433 2.13554796 2.18019827 2.04180155 2.1802005  2.04180288 2.1802005  2.04180288]
Sample_145: [1.32072224 1.94788007 1.32072223 1.94788006 1.32453418 1.94750871 1.7937379  1.7364027  1.7937435  1.7364035  1.79374349 1.7364035 ]
Sample_146: [1.2604963  1.88813899 1.26049629 1.88813898 1.26411718 1.88779299 1.64809862 1.60242652 1.64809553 1.60242504 1.64809553 1.60242504]
Sample_147: [1.32448139 1.93789185 1.32448138 1.93789183 1.32826686 1.93752615 1.87057677 1.76911686 1.87058153 1.76911748 1.87058153 1.76911748]
Sample_148: [1.39596912 1.97200765 1.39596911 1.97200763 1.39986342 1.97163583 2.2470645  1.99726495 2.24707284 1.99726679 2.24707284 1.99726679]
Sample_149: [1.30662479 1.86471107 1.30662478 1.86471106 1.31023575 1.86437087 2.04665387 1.81837611 2.04665813 1.81837638 2.04665813 1.81837638]

--- Matriz de Erros (Epsilon) ---
Shape: (150, 12)
Sample_0: [-0.05317795  0.02090501 -0.05317795  0.02090501 -0.05311237  0.02090532 -0.33018529 -0.04219244 -0.33027105 -0.04220038 -0.33027105 -0.04220038]
Sample_1: [-0.04746094 -0.01577433 -0.04746094 -0.01577433 -0.04742097 -0.01577673 -0.21658617  0.02673149 -0.21666009  0.02672599 -0.21666009  0.02672599]
Sample_2: [-0.02587651  0.05609702 -0.02587651  0.05609702 -0.02569414  0.05607928 -0.31516072  0.0022453  -0.31524021  0.0022389  -0.31524021  0.0022389 ]
Sample_3: [-0.08412894 -0.03467458 -0.08412894 -0.03467458 -0.08413394 -0.03467757 -0.42437159 -0.09155055 -0.42444447 -0.09155609 -0.42444447 -0.09155609]
Sample_4: [-0.05695275  0.03523263 -0.05695276  0.03523264 -0.05686352  0.03522952 -0.40669233 -0.07887714 -0.40677987 -0.07888544 -0.40677987 -0.07888544]
Sample_5: [ 0.05747772  0.11360843  0.05747772  0.11360844  0.05725997  0.11364035 -0.33059593 -0.02108128 -0.33068576 -0.02109079 -0.33068575 -0.02109079]
Sample_6: [ 0.03931941  0.13654206  0.03931941  0.13654206  0.03944075  0.13652879 -0.38419487 -0.0036502  -0.38427635 -0.00365726 -0.38427635 -0.00365726]
Sample_7: [-0.08229634 -0.02665049 -0.08229634 -0.02665049 -0.08232303 -0.02664393 -0.38495664 -0.0871051  -0.38503779 -0.08711234 -0.38503779 -0.08711234]
Sample_8: [-5.49635846e-02 -1.37280499e-04 -5.49635865e-02 -1.37283763e-04 -5.48678510e-02 -1.53253359e-04 -3.70595745e-01 -3.47262698e-02 -3.70665386e-01 -3.47308933e-02 -3.70665389e-01 -3.47308919e-02]
Sample_9: [-0.17849022 -0.14965692 -0.17849022 -0.14965692 -0.17853493 -0.14965141 -0.40911328 -0.14247932 -0.40918741 -0.14248512 -0.40918741 -0.14248512]
Sample_10: [-0.08046373 -0.0186264  -0.08046373 -0.0186264  -0.08051212 -0.01861028 -0.3455417  -0.08265965 -0.34563111 -0.08266858 -0.34563111 -0.08266859]
Sample_11: [-0.11518953 -0.05987836 -0.11518953 -0.05987836 -0.11528485 -0.05986897 -0.51623503 -0.16870245 -0.51631335 -0.16870935 -0.51631335 -0.16870935]
Sample_12: [-0.14934052 -0.11078022 -0.14934052 -0.11078022 -0.14928731 -0.11078545 -0.3550056  -0.08962558 -0.35507911 -0.089631   -0.35507911 -0.089631  ]
Sample_13: [-0.07133626  0.04383864 -0.07133626  0.04383863 -0.07093159  0.04379376 -0.38378423 -0.02476137 -0.38386165 -0.02476685 -0.38386165 -0.02476685]
Sample_14: [ 0.008771    0.11904598  0.008771    0.11904599  0.0089862   0.11904618 -0.14280821  0.0684354  -0.14291188  0.06842427 -0.14291187  0.06842427]
Sample_15: [ 0.11190838  0.23172585  0.11190838  0.23172586  0.11189319  0.23174633 -0.29689658  0.02411826 -0.29700266  0.0241059  -0.29700266  0.0241059 ]
Sample_16: [ 0.17401389  0.28647282  0.17401389  0.28647282  0.17417652  0.28647077 -0.11283787  0.17445152 -0.11293567  0.17444135 -0.11293567  0.17444134]
Sample_17: [ 0.04682205  0.12090501  0.04682205  0.12090501  0.04688763  0.12090532 -0.23018529  0.05780756 -0.23027105  0.05779962 -0.23027105  0.05779962]
Sample_18: [-0.03498832 -0.01070742 -0.03498832 -0.01070742 -0.0352562  -0.0106664  -0.27725002 -0.05168244 -0.2773389  -0.05169175 -0.27733889 -0.05169175]
Sample_19: [ 0.01200231  0.10568945  0.01200231  0.10568945  0.01200404  0.10569648 -0.3988876  -0.05205849 -0.39897797 -0.05206762 -0.39897797 -0.05206762]
Sample_20: [-0.13304612 -0.13305914 -0.13304612 -0.13305913 -0.13331596 -0.13302425 -0.34015793 -0.1194432  -0.34023675 -0.11945045 -0.34023675 -0.11945045]
Sample_21: [ 0.11389755  0.19635594  0.11389755  0.19635594  0.11388886  0.19636356 -0.2608      0.06826912 -0.26088817  0.06826045 -0.26088817  0.06826045]
Sample_22: [ 0.05206512  0.22807348  0.05206512  0.22807348  0.05258768  0.22802505 -0.34261201  0.05122736 -0.34270587  0.05121874 -0.34270587  0.05121874]
Sample_23: [ 0.16321038  0.17258969  0.16321038  0.17258969  0.16296984  0.17261667 -0.11732864  0.15181319 -0.11740401  0.15180665 -0.11740401  0.15180665]
Sample_24: [-0.20259166 -0.18952665 -0.20259166 -0.18952665 -0.20297227 -0.18949178 -0.67955357 -0.31535205 -0.67962591 -0.31535845 -0.67962591 -0.31535845]
Sample_25: [-0.10384945 -0.10720064 -0.10384946 -0.10720064 -0.10401291 -0.10718321 -0.28704576 -0.05467783 -0.28711611 -0.05468309 -0.28711611 -0.05468309]
Sample_26: [ 0.08856962  0.13013341  0.08856962  0.13013341  0.08844783  0.13014847 -0.23939616  0.0640117  -0.23947531  0.06400463 -0.23947531  0.06400463]
Sample_27: [-0.08043242 -0.0273052  -0.08043242 -0.0273052  -0.08047517 -0.02729356 -0.34620537 -0.07471857 -0.34628955 -0.07472643 -0.34628955 -0.07472643]
Sample_28: [-0.04940314  0.00657738 -0.04940314  0.00657738 -0.04936122  0.00658112 -0.25367826 -0.00550775 -0.25376223 -0.00551532 -0.25376223 -0.00551532]
Sample_29: [-0.11327864 -0.07355127 -0.11327864 -0.07355128 -0.11338156 -0.07354354 -0.47847927 -0.14440429 -0.47855277 -0.1444102  -0.47855277 -0.1444102 ]
Sample_30: [-0.10950383 -0.0878789  -0.10950384 -0.0878789  -0.10963041 -0.08786774 -0.40197223 -0.1077196  -0.40204395 -0.10772514 -0.40204395 -0.10772514]
Sample_31: [ 0.12522196  0.15337306  0.12522196  0.15337306  0.12514232  0.15339096 -0.0312789   0.1783232  -0.03136171  0.17831562 -0.03136171  0.17831562]
Sample_32: [-0.1918038  -0.07130412 -0.1918038  -0.07130412 -0.19178406 -0.07129604 -0.67473096 -0.29668427 -0.67482836 -0.29669484 -0.67482835 -0.29669484]
Sample_33: [-0.05892627  0.06626315 -0.05892627  0.06626316 -0.05884072  0.06627065 -0.44312074 -0.11905746 -0.44322358 -0.11906891 -0.44322358 -0.11906891]
Sample_34: [-0.17849022 -0.14965692 -0.17849022 -0.14965692 -0.17853493 -0.14965141 -0.40911328 -0.14247932 -0.40918741 -0.14248512 -0.40918741 -0.14248512]
Sample_35: [ 0.00889626  0.08433078  0.00889625  0.08433078  0.00913402  0.08431304 -0.1454629   0.10019973 -0.14554563  0.1001929  -0.14554563  0.10019291]
Sample_36: [-0.01652561  0.04414465 -0.01652561  0.04414466 -0.01641788  0.04414781 -0.12206804  0.07211906 -0.12215745  0.07211061 -0.12215745  0.07211061]
Sample_37: [-0.17849022 -0.14965692 -0.17849022 -0.14965692 -0.17853493 -0.14965141 -0.40911328 -0.14247932 -0.40918741 -0.14248512 -0.40918741 -0.14248512]
Sample_38: [-0.02772477  0.05241233 -0.02772477  0.05241233 -0.02752353  0.05238727 -0.35424383 -0.00617069 -0.35431767 -0.00617593 -0.35431767 -0.00617593]
Sample_39: [-0.08041676 -0.0316446  -0.08041676 -0.0316446  -0.0804567  -0.03163521 -0.34653721 -0.07074802 -0.34661877 -0.07075535 -0.34661877 -0.07075535]
Sample_40: [ 0.07407652  0.16911522  0.07407652  0.16911522  0.07425043  0.1691042  -0.21416521  0.09033368 -0.21425255  0.09032566 -0.21425255  0.09032566]
Sample_41: [0.08742142 0.08208362 0.08742142 0.08208362 0.08753652 0.08206554 0.0507888  0.25247971 0.05072996 0.25247754 0.05072995 0.25247755]
Sample_42: [-0.03151523  0.07107936 -0.03151524  0.07107935 -0.03129316  0.07105311 -0.43041903 -0.04682592 -0.43049727 -0.04683207 -0.43049727 -0.04683207]
Sample_43: [ 0.28667439  0.33946693  0.28667439  0.33946693  0.28656301  0.33948139 -0.07748376  0.24368408 -0.07756511  0.24367656 -0.07756511  0.24367656]
Sample_44: [-0.00453386  0.03282506 -0.00453386  0.03282506 -0.00491251  0.03286606 -0.51664566 -0.14759129 -0.51672805 -0.14759976 -0.51672805 -0.14759976]
Sample_45: [ 0.05065948  0.08921978  0.05065948  0.08921978  0.05071269  0.08921455 -0.1550056   0.11037442 -0.15507911  0.110369   -0.15507911  0.110369  ]
Sample_46: [-0.11713173 -0.03752665 -0.11713173 -0.03752664 -0.1172251  -0.03751113 -0.55332712 -0.20094169 -0.55341549 -0.20095066 -0.55341549 -0.20095066]
Sample_47: [-0.05689013  0.01787503 -0.05689013  0.01787503 -0.05678962  0.01786295 -0.40801967 -0.06299497 -0.40809675 -0.06300112 -0.40809675 -0.06300112]
Sample_48: [-0.08234331 -0.01363229 -0.0823433  -0.01363228 -0.08237846 -0.013619   -0.38396113 -0.09901672 -0.38405013 -0.09902557 -0.38405013 -0.09902557]
Sample_49: [-0.05126706  0.00723209 -0.05126706  0.0072321  -0.05120908  0.00723076 -0.29242953 -0.01789428 -0.29251047 -0.01790123 -0.29251047 -0.01790123]
Sample_50: [ 0.22679624 -0.3281149   0.22679625 -0.32811488  0.2234409  -0.32777868 -0.08245722 -0.08357072 -0.08247844 -0.0835735  -0.08247844 -0.0835735 ]
Sample_51: [ 0.37378688 -0.11171802  0.37378689 -0.11171801  0.37070115 -0.1114158  -0.1040948   0.01605323 -0.10411752  0.01605063 -0.10411751  0.01605063]
Sample_52: [ 0.26854381 -0.31888649  0.26854382 -0.31888648  0.2650011  -0.31853553 -0.09166808 -0.07736657 -0.0916827  -0.07736849 -0.0916827  -0.07736849]
Sample_53: [ 0.319598   -0.13469214  0.31959801 -0.13469213  0.31701313 -0.13445256 -0.03488375  0.09620409 -0.03489289  0.09620552 -0.03489289  0.09620552]
Sample_54: [ 0.35411333 -0.19726229  0.35411334 -0.19726227  0.35087761 -0.19694637  0.03223552  0.06483757  0.03222319  0.06483686  0.03222319  0.06483686]
Sample_55: [ 0.16821078 -0.31409329  0.16821079 -0.31409328  0.16517604 -0.31380853 -0.42068045 -0.21713583 -0.42069145 -0.21713602 -0.42069145 -0.21713602]
Sample_56: [ 0.41174399 -0.08382259  0.41174399 -0.08382258  0.40849171 -0.08350681 -0.18948086 -0.01839786 -0.18950138 -0.01840049 -0.18950138 -0.0184005 ]
Sample_57: [ 0.21036362 -0.09288127  0.21036363 -0.09288126  0.20853426 -0.09271873 -0.22241136  0.01991641 -0.22243417  0.01991675 -0.22243417  0.01991675]
Sample_58: [ 0.15409768 -0.39292289  0.15409769 -0.39292287  0.15085913 -0.39260472 -0.16743265 -0.13913297 -0.16744759 -0.13913422 -0.16744759 -0.13913422]
Sample_59: [ 0.4355124   0.06084035  0.4355124   0.06084036  0.433104    0.06106057 -0.14805294  0.1147056  -0.14807163  0.11470531 -0.14807163  0.11470531]
Sample_60: [ 0.16155604 -0.22164163  0.16155604 -0.22164162  0.15948158 -0.2214569  -0.14052056  0.01981756 -0.14053098  0.01981995 -0.14053099  0.01981995]
Sample_61: [ 0.4555816   0.02423381  0.4555816   0.02423382  0.4528265   0.02449757 -0.05669823  0.12157268 -0.05672045  0.12157092 -0.05672045  0.12157092]
Sample_62: [ 0.03089111 -0.46899622  0.03089111 -0.46899621  0.02822964 -0.46874187 -0.10469898 -0.10168291 -0.10470799 -0.10168147 -0.10470799 -0.10168146]
Sample_63: [ 0.21556576 -0.31116842  0.21556577 -0.31116841  0.2122983  -0.31085593 -0.31396934 -0.16980155 -0.31398021 -0.1698022  -0.31398021 -0.1698022 ]
Sample_64: [ 0.42664236  0.08917922  0.42664237  0.08917923  0.42448714  0.08938411 -0.00723185  0.18612826 -0.00726259  0.18612623 -0.00726259  0.18612623]
Sample_65: [ 0.31045488 -0.19281778  0.31045488 -0.19281776  0.30741412 -0.19251495  0.00369062  0.03433527  0.00366686  0.0343327   0.00366687  0.0343327 ]
Sample_66: [ 0.36254074 -0.09043215  0.36254075 -0.09043214  0.35954007 -0.09015141 -0.33527508 -0.07414814 -0.33529007 -0.07414915 -0.33529007 -0.07414915]
Sample_67: [-0.01147824 -0.45555652 -0.01147824 -0.45555651 -0.01415625 -0.45530231 -0.42641536 -0.28491835 -0.42643255 -0.28491882 -0.42643255 -0.28491882]
Sample_68: [ 0.38898004 -0.19506493  0.38898005 -0.19506492  0.38581662 -0.19476245  0.19994232  0.18661525  0.19994245  0.18661734  0.19994245  0.18661734]
Sample_69: [ 0.14682116 -0.27780313  0.14682116 -0.27780312  0.14433898 -0.27757039 -0.2182     -0.07921087 -0.21821595 -0.0792106  -0.21821595 -0.0792106 ]
Sample_70: [ 0.57698688  0.08360425  0.57698688  0.08360426  0.57368204  0.08391779 -0.15951052  0.08761825 -0.15952517  0.08761658 -0.15952518  0.08761658]
Sample_71: [ 0.32139929 -0.11798925  0.3213993  -0.11798924  0.31878709 -0.11773562  0.00519486  0.09270846  0.00517223  0.09270711  0.00517223  0.09270711]
Sample_72: [ 0.26863775 -0.34492289  0.26863776 -0.34492288  0.26511196 -0.34458538 -0.0936591  -0.05354333 -0.09365801 -0.05354201 -0.09365801 -0.05354201]
Sample_73: [ 0.01746099 -0.52050193  0.017461   -0.52050192  0.01418311 -0.52018885 -0.47588174 -0.34947393 -0.47589041 -0.34947413 -0.47589041 -0.34947413]
Sample_74: [ 0.23774066 -0.25328637  0.23774066 -0.25328636  0.23481387 -0.25299935 -0.08095297 -0.02519752 -0.08097307 -0.02519909 -0.08097307 -0.02519909]
Sample_75: [ 0.31047053 -0.19715718  0.31047054 -0.19715716  0.3074326  -0.19685659  0.00335878  0.03830581  0.00333765  0.03830378  0.00333765  0.03830378]
Sample_76: [ 0.20148397 -0.39867682  0.20148398 -0.39867681  0.19801834 -0.39833541 -0.06138521 -0.0838576  -0.06139479 -0.08385824 -0.06139479 -0.08385824]
Sample_77: [ 0.43754585 -0.16144788  0.43754586 -0.16144786  0.4339241  -0.1610935   0.01514113  0.06136369  0.01513155  0.06136257  0.01513155  0.06136257]
Sample_78: [ 0.37195427 -0.11974211  0.37195428 -0.1197421   0.36889024 -0.11944944 -0.14350974  0.01160778 -0.14352419  0.01160688 -0.14352419  0.01160688]
Sample_79: [ 0.16334167 -0.20059934  0.16334168 -0.20059933  0.16123706 -0.20039833 -0.1001101   0.01235139 -0.10013665  0.01235046 -0.10013665  0.01235046]
Sample_80: [ 0.17597086 -0.23892643  0.17597086 -0.23892642  0.1735866  -0.23870443 -0.16409232 -0.02635713 -0.16410765 -0.02635648 -0.16410765 -0.02635648]
Sample_81: [ 0.1051049  -0.29571033  0.1051049  -0.29571033  0.10281574 -0.29549682 -0.20965281 -0.07747393 -0.20967013 -0.07747345 -0.20967013 -0.07747345]
Sample_82: [ 0.24678984 -0.16912433  0.24678985 -0.16912432  0.24430203 -0.1688871  -0.11753633  0.01284805 -0.11755751  0.01284724 -0.11755751  0.01284725]
Sample_83: [ 0.30094048 -0.29770572  0.30094048 -0.29770571  0.29728503 -0.29736091 -0.29397164 -0.14103618 -0.29396971 -0.14103519 -0.29396971 -0.14103519]
Sample_84: [ 0.35878159 -0.08044392  0.3587816  -0.08044391  0.35580739 -0.08016885 -0.41211395 -0.1068623  -0.41212811 -0.10686312 -0.41212811 -0.10686312]
Sample_85: [ 0.46247812  0.02692546  0.46247813  0.02692547  0.45946616  0.02721516 -0.23394774  0.00996969 -0.2339732   0.00996654 -0.2339732   0.00996654]
Sample_86: [ 0.32305275 -0.22246607  0.32305275 -0.22246606  0.3197267  -0.22213776 -0.05962793 -0.01231433 -0.0596457  -0.0123164  -0.05964569 -0.0123164 ]
Sample_87: [ 0.21809843 -0.34750943  0.21809843 -0.34750942  0.21502729 -0.3472132   0.05471367  0.0315279   0.05470919  0.0315293   0.05470919  0.0315293 ]
Sample_88: [ 0.27907692 -0.11756776  0.27907692 -0.11756775  0.27645663 -0.11732099 -0.31751702 -0.07861535 -0.31753999 -0.07861701 -0.31753999 -0.07861701]
Sample_89: [ 0.31580754 -0.11602511  0.31580754 -0.11602511  0.3132435  -0.11578671 -0.11105895  0.05554886 -0.11107249  0.05554938 -0.11107249  0.05554938]
Sample_90: [ 0.09737614 -0.37955599  0.09737614 -0.37955598  0.09444213 -0.37928421 -0.46690461 -0.26031155 -0.46691237 -0.26031083 -0.46691237 -0.26031082]
Sample_91: [ 0.24280457 -0.25861881  0.24280458 -0.2586188   0.23964262 -0.25831541 -0.29761742 -0.14124597 -0.29763249 -0.14124723 -0.29763249 -0.14124723]
Sample_92: [ 0.21955103 -0.22167394  0.21955104 -0.22167393  0.21695771 -0.22142763 -0.13388824 -0.01570753 -0.13390523 -0.01570772 -0.13390523 -0.01570772]
Sample_93: [ 0.21413843 -0.10720889  0.21413843 -0.10720889  0.21228542 -0.10704293 -0.14590432  0.05660111 -0.14592535  0.05660181 -0.14592535  0.05660181]
Sample_94: [ 0.25562857 -0.18878439  0.25562857 -0.18878439  0.25288193 -0.18852736 -0.25769374 -0.0665157  -0.25770811 -0.06651584 -0.25770811 -0.06651584]
Sample_95: [ 0.15182245 -0.26577797  0.15182245 -0.26577796  0.14909383 -0.26551987 -0.4335371  -0.21114147 -0.43355849 -0.21114305 -0.43355849 -0.21114305]
Sample_96: [ 0.25371768 -0.17511148  0.25371768 -0.17511147  0.25097864 -0.17485279 -0.29544951 -0.09081386 -0.29546869 -0.09081498 -0.29546869 -0.09081498]
Sample_97: [ 0.23398151 -0.24329814  0.23398151 -0.24329813  0.2310812  -0.24301679 -0.15779184 -0.05791168 -0.15781111 -0.05791307 -0.15781111 -0.05791307]
Sample_98: [0.39962967 0.13611231 0.39962967 0.13611232 0.39806955 0.13625444 0.07965846 0.27895255 0.07962663 0.27895176 0.07962663 0.27895176]
Sample_99: [ 0.28474695 -0.1412289   0.28474696 -0.14122889  0.2820926  -0.14097811 -0.20292239 -0.02160304 -0.20294137 -0.02160388 -0.20294137 -0.02160388]
Sample_100: [0.93300143 0.25436814 0.93300144 0.25436816 0.9285129  0.25479434 0.00280544 0.24612055 0.00281086 0.24612006 0.00281086 0.24612006]
Sample_101: [ 0.59718133  0.0122825   0.59718134  0.01228251  0.59355235  0.01262165 -0.07081051  0.12624966 -0.07080775  0.12625084 -0.07080775  0.12625084]
Sample_102: [ 0.58285776 -0.17036921  0.58285777 -0.17036919  0.57832719 -0.16992705  0.07886324  0.08684321  0.07886994  0.08684322  0.07886994  0.08684322]
Sample_103: [ 0.35711852 -0.31010152  0.35711853 -0.31010151  0.35296872 -0.30970693 -0.3270861  -0.17703619 -0.32707985 -0.17703553 -0.32707985 -0.17703553]
Sample_104: [0.70071435 0.00281157 0.70071437 0.00281159 0.6963583  0.00322823 0.00278614 0.13758395 0.00279335 0.13758432 0.00279334 0.13758432]
Sample_105: [ 0.38831733 -0.49785245  0.38831734 -0.49785243  0.38305491 -0.49733667 -0.11011619 -0.17355381 -0.1100976  -0.17355307 -0.1100976  -0.17355307]
Sample_106: [ 0.55885988  0.09785908  0.55885988  0.09785908  0.55589977  0.09812294 -0.21377314  0.11299041 -0.21377421  0.11299227 -0.21377421  0.11299227]
Sample_107: [ 0.17197597 -0.66255534  0.17197598 -0.66255531  0.16702813 -0.66207295 -0.32396836 -0.35564782 -0.3239523  -0.35564687 -0.3239523  -0.35564687]
Sample_108: [ 0.31394966 -0.45384422  0.31394967 -0.45384421  0.30951505 -0.45341894 -0.129937   -0.12806381 -0.12991961 -0.12806136 -0.12991961 -0.12806136]
Sample_109: [0.91509786 0.19420557 0.91509787 0.19420559 0.91042636 0.19466399 0.17987805 0.28346818 0.17987512 0.28346573 0.17987512 0.28346572]
Sample_110: [0.70086219 0.12399128 0.7008622  0.12399129 0.69719265 0.1243473  0.10768755 0.23911111 0.10767638 0.23910942 0.10767638 0.23910942]
Sample_111: [ 0.55019069 -0.10411437  0.5501907  -0.10411436  0.54629211 -0.10374124  0.05082707  0.12662572  0.05083133  0.1266267   0.05083133  0.1266267 ]
Sample_112: [0.69375521 0.01747752 0.69375522 0.01747754 0.68964474 0.0178772  0.18136299 0.23330477 0.18136296 0.23330439 0.18136296 0.23330439]
Sample_113: [0.72822626 0.14182569 0.72822627 0.1418257  0.72468478 0.14215469 0.12138477 0.29943102 0.12139035 0.29943302 0.12139035 0.29943302]
Sample_114: [1.0952861  0.52161602 1.0952861  0.52161603 1.09166754 0.52195457 0.39110189 0.60592205 0.39110245 0.60592277 0.39110245 0.60592277]
Sample_115: [0.94071453 0.3425532  0.94071454 0.34255321 0.93686803 0.34292337 0.26038908 0.42498764 0.26038232 0.42498636 0.26038232 0.42498636]
Sample_116: [ 0.38811648 -0.26754014  0.38811649 -0.26754012  0.38404572 -0.26714896 -0.23389532 -0.11576645 -0.23389409 -0.11576658 -0.2338941  -0.11576658]
Sample_117: [ 0.44590101 -0.37139456  0.44590103 -0.37139453  0.44061359 -0.37087219 -0.33083706 -0.26870087 -0.3308345  -0.26870367 -0.3308345  -0.26870367]
Sample_118: [ 0.5103757  -0.46982891  0.51037571 -0.46982889  0.50477309 -0.46928245  0.11733509 -0.02253586  0.11736806 -0.02253291  0.11736806 -0.02253291]
Sample_119: [ 0.23955067 -0.40115719  0.23955068 -0.40115718  0.23593825 -0.40081791 -0.14909413 -0.0905149  -0.14908319 -0.09051181 -0.14908319 -0.09051181]
Sample_120: [0.83357623 0.14471824 0.83357624 0.14471826 0.82928317 0.14513656 0.2347282  0.31124022 0.23472734 0.31123917 0.23472734 0.31123917]
Sample_121: [0.74979503 0.21803644 0.74979504 0.21803645 0.74639314 0.21835233 0.02314205 0.27097429 0.02313945 0.27097486 0.02313945 0.27097486]
Sample_122: [ 0.26485332 -0.66472969  0.26485334 -0.66472967  0.25946174 -0.6642014  -0.14996108 -0.2654247  -0.1499365  -0.26542298 -0.1499365  -0.26542298]
Sample_123: [ 0.56484729 -0.02625587  0.56484729 -0.02625585  0.56134233 -0.02591954  0.1301657   0.20580144  0.13016239  0.20580185  0.13016239  0.20580185]
Sample_124: [ 0.62792185 -0.03596002  0.62792186 -0.03596     0.62366567 -0.03554796 -0.08019827  0.05819845 -0.0802005   0.05819712 -0.0802005   0.05819712]
Sample_125: [ 0.25181283 -0.49991239  0.25181284 -0.49991237  0.24719476 -0.49946009 -0.31333204 -0.28633815 -0.31332816 -0.28633896 -0.31332816 -0.28633897]
Sample_126: [0.59020652 0.03128786 0.59020653 0.03128787 0.58682031 0.03161226 0.10809818 0.21799995 0.10809109 0.21799983 0.10809109 0.21799983]
Sample_127: [ 0.55540244  0.0117329   0.55540245  0.01173291  0.5519552   0.01206178 -0.06093597  0.11210444 -0.06094505  0.11210367 -0.06094505  0.11210366]
Sample_128: [ 0.66089333 -0.02442915  0.66089334 -0.02442913  0.65671987 -0.02403113  0.04942093  0.15964851  0.04942897  0.15964953  0.04942897  0.15964953]
Sample_129: [ 0.11387138 -0.63214722  0.11387139 -0.6321472   0.10942267 -0.63171073 -0.32827781 -0.34791652 -0.32827352 -0.34791676 -0.32827352 -0.34791676]
Sample_130: [ 0.33401886 -0.49045077  0.33401887 -0.49045075  0.32923756 -0.48998194 -0.03858229 -0.12119673 -0.03856844 -0.12119574 -0.03856844 -0.12119574]
Sample_131: [ 0.33706229 -0.45173449  0.33706231 -0.45173446  0.33203368 -0.45123193 -0.29067965 -0.28933712 -0.2906839  -0.28934059 -0.2906839  -0.28934059]
Sample_132: [0.76089333 0.07557085 0.76089334 0.07557087 0.75671987 0.07596887 0.14942093 0.25964851 0.14942897 0.25964953 0.14942897 0.25964953]
Sample_133: [ 0.20468397 -0.40335455  0.20468398 -0.40335454  0.20099923 -0.40300183 -0.31680093 -0.21229257 -0.31680245 -0.21229229 -0.31680245 -0.21229229]
Sample_134: [-0.04095493 -0.72811384 -0.04095492 -0.72811382 -0.04510951 -0.72772313 -0.68966218 -0.54876749 -0.68964849 -0.5487653  -0.68964849 -0.5487653 ]
Sample_135: [ 0.73586712 -0.08676608  0.73586713 -0.08676606  0.73106695 -0.08628993  0.40050082  0.28721926  0.40050902  0.28721909  0.40050902  0.28721909]
Sample_136: [0.94764237 0.33656604 0.94764238 0.33656606 0.94354464 0.33695768 0.0824759  0.32132573 0.08247114 0.32132413 0.08247114 0.32132413]
Sample_137: [ 0.38434168 -0.25321251  0.38434169 -0.2532125   0.38029457 -0.25282476 -0.31040235 -0.15245115 -0.31040291 -0.15245164 -0.31040292 -0.15245164]
Sample_138: [ 0.58265691  0.05994311  0.58265692  0.05994312  0.579318    0.06026066 -0.04491589  0.14463056 -0.04492655  0.14462971 -0.04492655  0.14462971]
Sample_139: [0.72287359 0.06503302 0.7228736  0.06503304 0.7188554  0.06542645 0.23613434 0.27821743 0.2361297  0.27821634 0.2361297  0.27821634]
Sample_140: [0.96084636 0.28858905 0.96084637 0.28858907 0.95666444 0.2889938  0.35041644 0.44773688 0.35041662 0.44773629 0.35041662 0.44773629]
Sample_141: [1.01027572 0.39468131 1.01027573 0.39468133 1.00654282 0.39504926 0.59945289 0.62486703 0.59944226 0.62486544 0.59944226 0.62486544]
Sample_142: [ 0.59718133  0.0122825   0.59718134  0.01228251  0.59355235  0.01262165 -0.07081051  0.12624966 -0.07080775  0.12625084 -0.07080775  0.12625084]
Sample_143: [0.77342857 0.06328016 0.77342858 0.06328018 0.76895855 0.06371263 0.08742973 0.19711674 0.08743328 0.19711611 0.08743328 0.19711611]
Sample_144: [1.02792185 0.36403998 1.02792186 0.36404    1.02366567 0.36445204 0.31980173 0.45819845 0.3197995  0.45819712 0.3197995  0.45819712]
Sample_145: [0.97927776 0.35211993 0.97927777 0.35211994 0.97546582 0.35249129 0.5062621  0.5635973  0.5062565  0.5635965  0.50625651 0.5635965 ]
Sample_146: [0.6395037  0.01186101 0.63950371 0.01186102 0.63588282 0.01220701 0.25190138 0.29757348 0.25190447 0.29757496 0.25190447 0.29757496]
Sample_147: [0.67551861 0.06210815 0.67551862 0.06210817 0.67173314 0.06247385 0.12942323 0.23088314 0.12941847 0.23088252 0.12941847 0.23088252]
Sample_148: [0.90403088 0.32799235 0.90403089 0.32799237 0.90013658 0.32836417 0.0529355  0.30273505 0.05292716 0.30273321 0.05292716 0.30273321]
Sample_149: [ 0.49337521 -0.06471107  0.49337522 -0.06471106  0.48976425 -0.06437087 -0.24665387 -0.01837611 -0.24665813 -0.01837638 -0.24665813 -0.01837638]
